08;05;9;001;99;Adanero                                           ;99;99;00001;00000179;00000179;10000;00000163;09106;00000016;00894;00000006;00390;00000009;00552;000005;1030889;P.S.O.E.                                               ;00000053;03442;000003;1003441;PP                                                     ;00000052;03377;000002;1003044;ÁvilaLP                                                ;00000038;02468;000000;       ;                                                       ;00000000;00000;000000;       ;                                                       ;00000000;00000;000000;       ;                                                       ;00000000;00000;000000;       ;                                                       ;00000000;00000;000000;       ;                                                       ;00000000;00000;000000;       ;                                                       ;00000000;00000;000000;       ;                                                       ;00000000;00000;000000;       ;                                                       ;00000000;00000;000000;       ;                                                       ;00000000;00000;000000;       ;                                                       ;00000000;00000;000000;       ;                                                       ;00000000;00000;000000;       ;                                                       ;00000000;00000;000000;       ;                                                       ;00000000;00000;000000;       ;                                                       ;00000000;00000;000000;       ;                                                       ;00000000;00000;000000;       ;                                                       ;00000000;00000;000000;       ;                                                       ;00000000;00000;000000;       ;                                                       ;00000000;00000;000000;       ;                                                       ;00000000;00000;000000;       ;                                                       ;00000000;00000;000000;       ;                                                       ;00000000;00000;000000;       ;                                                       ;00000000;00000;000000;       ;                                                       ;00000000;00000;000000;       ;                                                       ;00000000;00000;000000;       ;                                                       ;00000000;00000;000000;       ;                                                       ;00000000;00000;000000;       ;                                                       ;00000000;00000;000000;       ;                                                       ;00000000;00000;000000;       ;                                                       ;00000000;00000;000000;       ;                                                       ;00000000;00000;000000;       ;                                                       ;00000000;00000;000000;       ;                                                       ;00000000;00000;000000;       ;                                                       ;00000000;00000;000000;       ;                                                       ;00000000;00000;000000;       ;                                                       ;00000000;00000;000000;       ;                                                       ;00000000;00000;000000;       ;                                                       ;00000000;00000;000000;       ;                                                       ;00000000;00000;000000;       ;                                                       ;00000000;00000;000000;       ;                                                       ;00000000;00000;000000;       ;                                                       ;00000000;00000;000000;       ;                                                       ;00000000;00000;000000;       ;                                                       ;00000000;00000;000000;       ;                                                       ;00000000;00000;000000;       ;                                                       ;00000000;00000;000000;       ;                                                       ;00000000;00000;000000;       ;                                                       ;00000000;00000;000000
08;05;9;002;99;Adrada, La                                        ;99;99;00004;00001916;00001916;10000;00001475;07698;00000441;02302;00000027;00187;00000032;00217;000011;1030889;P.S.O.E.                                               ;00000670;04643;000006;1003441;PP                                                     ;00000486;03368;000004;1029998;U.S.I.A.                                               ;00000187;01296;000001;1026013;PODEMOS                                                ;00000073;00506;000000;       ;                                                       ;00000000;00000;000000;       ;                                                       ;00000000;00000;000000;       ;                                                       ;00000000;00000;000000;       ;                                                       ;00000000;00000;000000;       ;                                                       ;00000000;00000;000000;       ;                                                       ;00000000;00000;000000;       ;                                                       ;00000000;00000;000000;       ;                                                       ;00000000;00000;000000;       ;                                                       ;00000000;00000;000000;       ;                                                       ;00000000;00000;000000;       ;                                                       ;00000000;00000;000000;       ;                                                       ;00000000;00000;000000;       ;                                                       ;00000000;00000;000000;       ;                                                       ;00000000;00000;000000;       ;                                                       ;00000000;00000;000000;       ;                                                       ;00000000;00000;000000;       ;                                                       ;00000000;00000;000000;       ;                                                       ;00000000;00000;000000;       ;                                                       ;00000000;00000;000000;       ;                                                       ;00000000;00000;000000;       ;                                                       ;00000000;00000;000000;       ;                                                       ;00000000;00000;000000;       ;                                                       ;00000000;00000;000000;       ;                                                       ;00000000;00000;000000;       ;                                                       ;00000000;00000;000000;       ;                                                       ;00000000;00000;000000;       ;                                                       ;00000000;00000;000000;       ;                                                       ;00000000;00000;000000;       ;                                                       ;00000000;00000;000000;       ;                                                       ;00000000;00000;000000;       ;                                                       ;00000000;00000;000000;       ;                                                       ;00000000;00000;000000;       ;                                                       ;00000000;00000;000000;       ;                                                       ;00000000;00000;000000;       ;                                                       ;00000000;00000;000000;       ;                                                       ;00000000;00000;000000;       ;                                                       ;00000000;00000;000000;       ;                                                       ;00000000;00000;000000;       ;                                                       ;00000000;00000;000000;       ;                                                       ;00000000;00000;000000;       ;                                                       ;00000000;00000;000000;       ;                                                       ;00000000;00000;000000;       ;                                                       ;00000000;00000;000000;       ;                                                       ;00000000;00000;000000;       ;                                                       ;00000000;00000;000000;       ;                                                       ;00000000;00000;000000
08;05;9;005;99;Albornos                                          ;99;99;00001;00000170;00000170;10000;00000150;08824;00000020;01176;00000002;00146;00000013;00867;000005;1003441;PP                                                     ;00000092;06715;000004;1030889;P.S.O.E.                                               ;00000025;01825;000001;       ;                                                       ;00000000;00000;000000;       ;                                                       ;00000000;00000;000000;       ;                                                       ;00000000;00000;000000;       ;                                                       ;00000000;00000;000000;       ;                                                       ;00000000;00000;000000;       ;                                                       ;00000000;00000;000000;       ;                                                       ;00000000;00000;000000;       ;                                                       ;00000000;00000;000000;       ;                                                       ;00000000;00000;000000;       ;                                                       ;00000000;00000;000000;       ;                                                       ;00000000;00000;000000;       ;                                                       ;00000000;00000;000000;       ;                                                       ;00000000;00000;000000;       ;                                                       ;00000000;00000;000000;       ;                                                       ;00000000;00000;000000;       ;                                                       ;00000000;00000;000000;       ;                                                       ;00000000;00000;000000;       ;                                                       ;00000000;00000;000000;       ;                                                       ;00000000;00000;000000;       ;                                                       ;00000000;00000;000000;       ;                                                       ;00000000;00000;000000;       ;                                                       ;00000000;00000;000000;       ;                                                       ;00000000;00000;000000;       ;                                                       ;00000000;00000;000000;       ;                                                       ;00000000;00000;000000;       ;                                                       ;00000000;00000;000000;       ;                                                       ;00000000;00000;000000;       ;                                                       ;00000000;00000;000000;       ;                                                       ;00000000;00000;000000;       ;                                                       ;00000000;00000;000000;       ;                                                       ;00000000;00000;000000;       ;                                                       ;00000000;00000;000000;       ;                                                       ;00000000;00000;000000;       ;                                                       ;00000000;00000;000000;       ;                                                       ;00000000;00000;000000;       ;                                                       ;00000000;00000;000000;       ;                                                       ;00000000;00000;000000;       ;                                                       ;00000000;00000;000000;       ;                                                       ;00000000;00000;000000;       ;                                                       ;00000000;00000;000000;       ;                                                       ;00000000;00000;000000;       ;                                                       ;00000000;00000;000000;       ;                                                       ;00000000;00000;000000;       ;                                                       ;00000000;00000;000000;       ;                                                       ;00000000;00000;000000;       ;                                                       ;00000000;00000;000000;       ;                                                       ;00000000;00000;000000;       ;                                                       ;00000000;00000;000000
08;05;9;007;99;Aldeanueva de Santa Cruz                          ;99;99;00001;00000110;00000110;10000;00000079;07182;00000031;02818;00000009;01268;00000008;01013;000005;1003441;PP                                                     ;00000042;05915;000005;1030889;P.S.O.E.                                               ;00000009;01268;000000;       ;                                                       ;00000000;00000;000000;       ;                                                       ;00000000;00000;000000;       ;                                                       ;00000000;00000;000000;       ;                                                       ;00000000;00000;000000;       ;                                                       ;00000000;00000;000000;       ;                                                       ;00000000;00000;000000;       ;                                                       ;00000000;00000;000000;       ;                                                       ;00000000;00000;000000;       ;                                                       ;00000000;00000;000000;       ;                                                       ;00000000;00000;000000;       ;                                                       ;00000000;00000;000000;       ;                                                       ;00000000;00000;000000;       ;                                                       ;00000000;00000;000000;       ;                                                       ;00000000;00000;000000;       ;                                                       ;00000000;00000;000000;       ;                                                       ;00000000;00000;000000;       ;                                                       ;00000000;00000;000000;       ;                                                       ;00000000;00000;000000;       ;                                                       ;00000000;00000;000000;       ;                                                       ;00000000;00000;000000;       ;                                                       ;00000000;00000;000000;       ;                                                       ;00000000;00000;000000;       ;                                                       ;00000000;00000;000000;       ;                                                       ;00000000;00000;000000;       ;                                                       ;00000000;00000;000000;       ;                                                       ;00000000;00000;000000;       ;                                                       ;00000000;00000;000000;       ;                                                       ;00000000;00000;000000;       ;                                                       ;00000000;00000;000000;       ;                                                       ;00000000;00000;000000;       ;                                                       ;00000000;00000;000000;       ;                                                       ;00000000;00000;000000;       ;                                                       ;00000000;00000;000000;       ;                                                       ;00000000;00000;000000;       ;                                                       ;00000000;00000;000000;       ;                                                       ;00000000;00000;000000;       ;                                                       ;00000000;00000;000000;       ;                                                       ;00000000;00000;000000;       ;                                                       ;00000000;00000;000000;       ;                                                       ;00000000;00000;000000;       ;                                                       ;00000000;00000;000000;       ;                                                       ;00000000;00000;000000;       ;                                                       ;00000000;00000;000000;       ;                                                       ;00000000;00000;000000;       ;                                                       ;00000000;00000;000000;       ;                                                       ;00000000;00000;000000;       ;                                                       ;00000000;00000;000000;       ;                                                       ;00000000;00000;000000
08;05;9;008;99;Aldeaseca                                         ;99;99;00001;00000207;00000207;10000;00000180;08696;00000027;01304;00000002;00113;00000003;00167;000005;1030889;P.S.O.E.                                               ;00000095;05367;000004;1003441;PP                                                     ;00000072;04068;000001;       ;                                                       ;00000000;00000;000000;       ;                                                       ;00000000;00000;000000;       ;                                                       ;00000000;00000;000000;       ;                                                       ;00000000;00000;000000;       ;                                                       ;00000000;00000;000000;       ;                                                       ;00000000;00000;000000;       ;                                                       ;00000000;00000;000000;       ;                                                       ;00000000;00000;000000;       ;                                                       ;00000000;00000;000000;       ;                                                       ;00000000;00000;000000;       ;                                                       ;00000000;00000;000000;       ;                                                       ;00000000;00000;000000;       ;                                                       ;00000000;00000;000000;       ;                                                       ;00000000;00000;000000;       ;                                                       ;00000000;00000;000000;       ;                                                       ;00000000;00000;000000;       ;                                                       ;00000000;00000;000000;       ;                                                       ;00000000;00000;000000;       ;                                                       ;00000000;00000;000000;       ;                                                       ;00000000;00000;000000;       ;                                                       ;00000000;00000;000000;       ;                                                       ;00000000;00000;000000;       ;                                                       ;00000000;00000;000000;       ;                                                       ;00000000;00000;000000;       ;                                                       ;00000000;00000;000000;       ;                                                       ;00000000;00000;000000;       ;                                                       ;00000000;00000;000000;       ;                                                       ;00000000;00000;000000;       ;                                                       ;00000000;00000;000000;       ;                                                       ;00000000;00000;000000;       ;                                                       ;00000000;00000;000000;       ;                                                       ;00000000;00000;000000;       ;                                                       ;00000000;00000;000000;       ;                                                       ;00000000;00000;000000;       ;                                                       ;00000000;00000;000000;       ;                                                       ;00000000;00000;000000;       ;                                                       ;00000000;00000;000000;       ;                                                       ;00000000;00000;000000;       ;                                                       ;00000000;00000;000000;       ;                                                       ;00000000;00000;000000;       ;                                                       ;00000000;00000;000000;       ;                                                       ;00000000;00000;000000;       ;                                                       ;00000000;00000;000000;       ;                                                       ;00000000;00000;000000;       ;                                                       ;00000000;00000;000000;       ;                                                       ;00000000;00000;000000;       ;                                                       ;00000000;00000;000000;       ;                                                       ;00000000;00000;000000
08;05;9;010;99;Aldehuela, La                                     ;99;99;00001;00000143;00000143;10000;00000117;08182;00000026;01818;00000001;00087;00000002;00171;000005;1003441;PP                                                     ;00000069;06000;000004;1010298;ILA                                                    ;00000068;05913;000001;1030889;P.S.O.E.                                               ;00000013;01130;000000;       ;                                                       ;00000000;00000;000000;       ;                                                       ;00000000;00000;000000;       ;                                                       ;00000000;00000;000000;       ;                                                       ;00000000;00000;000000;       ;                                                       ;00000000;00000;000000;       ;                                                       ;00000000;00000;000000;       ;                                                       ;00000000;00000;000000;       ;                                                       ;00000000;00000;000000;       ;                                                       ;00000000;00000;000000;       ;                                                       ;00000000;00000;000000;       ;                                                       ;00000000;00000;000000;       ;                                                       ;00000000;00000;000000;       ;                                                       ;00000000;00000;000000;       ;                                                       ;00000000;00000;000000;       ;                                                       ;00000000;00000;000000;       ;                                                       ;00000000;00000;000000;       ;                                                       ;00000000;00000;000000;       ;                                                       ;00000000;00000;000000;       ;                                                       ;00000000;00000;000000;       ;                                                       ;00000000;00000;000000;       ;                                                       ;00000000;00000;000000;       ;                                                       ;00000000;00000;000000;       ;                                                       ;00000000;00000;000000;       ;                                                       ;00000000;00000;000000;       ;                                                       ;00000000;00000;000000;       ;                                                       ;00000000;00000;000000;       ;                                                       ;00000000;00000;000000;       ;                                                       ;00000000;00000;000000;       ;                                                       ;00000000;00000;000000;       ;                                                       ;00000000;00000;000000;       ;                                                       ;00000000;00000;000000;       ;                                                       ;00000000;00000;000000;       ;                                                       ;00000000;00000;000000;       ;                                                       ;00000000;00000;000000;       ;                                                       ;00000000;00000;000000;       ;                                                       ;00000000;00000;000000;       ;                                                       ;00000000;00000;000000;       ;                                                       ;00000000;00000;000000;       ;                                                       ;00000000;00000;000000;       ;                                                       ;00000000;00000;000000;       ;                                                       ;00000000;00000;000000;       ;                                                       ;00000000;00000;000000;       ;                                                       ;00000000;00000;000000;       ;                                                       ;00000000;00000;000000;       ;                                                       ;00000000;00000;000000;       ;                                                       ;00000000;00000;000000;       ;                                                       ;00000000;00000;000000
08;05;9;012;99;Amavida                                           ;99;99;00001;00000119;00000119;10000;00000109;09160;00000010;00840;00000001;00098;00000007;00642;000005;1030889;P.S.O.E.                                               ;00000046;04510;000003;1003441;PP                                                     ;00000046;04510;000002;       ;                                                       ;00000000;00000;000000;       ;                                                       ;00000000;00000;000000;       ;                                                       ;00000000;00000;000000;       ;                                                       ;00000000;00000;000000;       ;                                                       ;00000000;00000;000000;       ;                                                       ;00000000;00000;000000;       ;                                                       ;00000000;00000;000000;       ;                                                       ;00000000;00000;000000;       ;                                                       ;00000000;00000;000000;       ;                                                       ;00000000;00000;000000;       ;                                                       ;00000000;00000;000000;       ;                                                       ;00000000;00000;000000;       ;                                                       ;00000000;00000;000000;       ;                                                       ;00000000;00000;000000;       ;                                                       ;00000000;00000;000000;       ;                                                       ;00000000;00000;000000;       ;                                                       ;00000000;00000;000000;       ;                                                       ;00000000;00000;000000;       ;                                                       ;00000000;00000;000000;       ;                                                       ;00000000;00000;000000;       ;                                                       ;00000000;00000;000000;       ;                                                       ;00000000;00000;000000;       ;                                                       ;00000000;00000;000000;       ;                                                       ;00000000;00000;000000;       ;                                                       ;00000000;00000;000000;       ;                                                       ;00000000;00000;000000;       ;                                                       ;00000000;00000;000000;       ;                                                       ;00000000;00000;000000;       ;                                                       ;00000000;00000;000000;       ;                                                       ;00000000;00000;000000;       ;                                                       ;00000000;00000;000000;       ;                                                       ;00000000;00000;000000;       ;                                                       ;00000000;00000;000000;       ;                                                       ;00000000;00000;000000;       ;                                                       ;00000000;00000;000000;       ;                                                       ;00000000;00000;000000;       ;                                                       ;00000000;00000;000000;       ;                                                       ;00000000;00000;000000;       ;                                                       ;00000000;00000;000000;       ;                                                       ;00000000;00000;000000;       ;                                                       ;00000000;00000;000000;       ;                                                       ;00000000;00000;000000;       ;                                                       ;00000000;00000;000000;       ;                                                       ;00000000;00000;000000;       ;                                                       ;00000000;00000;000000;       ;                                                       ;00000000;00000;000000;       ;                                                       ;00000000;00000;000000;       ;                                                       ;00000000;00000;000000
08;05;9;013;99;Arenal, El                                        ;99;99;00001;00000871;00000871;10000;00000750;08611;00000121;01389;00000002;00027;00000002;00027;000007;1004666;AVEAL                                                  ;00000369;04933;000004;1003441;PP                                                     ;00000299;03997;000003;1030889;P.S.O.E.                                               ;00000078;01043;000000;       ;                                                       ;00000000;00000;000000;       ;                                                       ;00000000;00000;000000;       ;                                                       ;00000000;00000;000000;       ;                                                       ;00000000;00000;000000;       ;                                                       ;00000000;00000;000000;       ;                                                       ;00000000;00000;000000;       ;                                                       ;00000000;00000;000000;       ;                                                       ;00000000;00000;000000;       ;                                                       ;00000000;00000;000000;       ;                                                       ;00000000;00000;000000;       ;                                                       ;00000000;00000;000000;       ;                                                       ;00000000;00000;000000;       ;                                                       ;00000000;00000;000000;       ;                                                       ;00000000;00000;000000;       ;                                                       ;00000000;00000;000000;       ;                                                       ;00000000;00000;000000;       ;                                                       ;00000000;00000;000000;       ;                                                       ;00000000;00000;000000;       ;                                                       ;00000000;00000;000000;       ;                                                       ;00000000;00000;000000;       ;                                                       ;00000000;00000;000000;       ;                                                       ;00000000;00000;000000;       ;                                                       ;00000000;00000;000000;       ;                                                       ;00000000;00000;000000;       ;                                                       ;00000000;00000;000000;       ;                                                       ;00000000;00000;000000;       ;                                                       ;00000000;00000;000000;       ;                                                       ;00000000;00000;000000;       ;                                                       ;00000000;00000;000000;       ;                                                       ;00000000;00000;000000;       ;                                                       ;00000000;00000;000000;       ;                                                       ;00000000;00000;000000;       ;                                                       ;00000000;00000;000000;       ;                                                       ;00000000;00000;000000;       ;                                                       ;00000000;00000;000000;       ;                                                       ;00000000;00000;000000;       ;                                                       ;00000000;00000;000000;       ;                                                       ;00000000;00000;000000;       ;                                                       ;00000000;00000;000000;       ;                                                       ;00000000;00000;000000;       ;                                                       ;00000000;00000;000000;       ;                                                       ;00000000;00000;000000;       ;                                                       ;00000000;00000;000000;       ;                                                       ;00000000;00000;000000;       ;                                                       ;00000000;00000;000000;       ;                                                       ;00000000;00000;000000;       ;                                                       ;00000000;00000;000000
08;05;9;014;99;Arenas de San Pedro                               ;99;99;00007;00005327;00005327;10000;00003978;07468;00001349;02532;00000034;00087;00000055;00138;000013;1003441;PP                                                     ;00001979;05045;000008;1030889;P.S.O.E.                                               ;00001037;02643;000004;1013233;PODEMOS-IU                                             ;00000438;01116;000001;1026165;VOX                                                    ;00000234;00596;000000;9689014;Cs                                                     ;00000201;00512;000000;       ;                                                       ;00000000;00000;000000;       ;                                                       ;00000000;00000;000000;       ;                                                       ;00000000;00000;000000;       ;                                                       ;00000000;00000;000000;       ;                                                       ;00000000;00000;000000;       ;                                                       ;00000000;00000;000000;       ;                                                       ;00000000;00000;000000;       ;                                                       ;00000000;00000;000000;       ;                                                       ;00000000;00000;000000;       ;                                                       ;00000000;00000;000000;       ;                                                       ;00000000;00000;000000;       ;                                                       ;00000000;00000;000000;       ;                                                       ;00000000;00000;000000;       ;                                                       ;00000000;00000;000000;       ;                                                       ;00000000;00000;000000;       ;                                                       ;00000000;00000;000000;       ;                                                       ;00000000;00000;000000;       ;                                                       ;00000000;00000;000000;       ;                                                       ;00000000;00000;000000;       ;                                                       ;00000000;00000;000000;       ;                                                       ;00000000;00000;000000;       ;                                                       ;00000000;00000;000000;       ;                                                       ;00000000;00000;000000;       ;                                                       ;00000000;00000;000000;       ;                                                       ;00000000;00000;000000;       ;                                                       ;00000000;00000;000000;       ;                                                       ;00000000;00000;000000;       ;                                                       ;00000000;00000;000000;       ;                                                       ;00000000;00000;000000;       ;                                                       ;00000000;00000;000000;       ;                                                       ;00000000;00000;000000;       ;                                                       ;00000000;00000;000000;       ;                                                       ;00000000;00000;000000;       ;                                                       ;00000000;00000;000000;       ;                                                       ;00000000;00000;000000;       ;                                                       ;00000000;00000;000000;       ;                                                       ;00000000;00000;000000;       ;                                                       ;00000000;00000;000000;       ;                                                       ;00000000;00000;000000;       ;                                                       ;00000000;00000;000000;       ;                                                       ;00000000;00000;000000;       ;                                                       ;00000000;00000;000000;       ;                                                       ;00000000;00000;000000;       ;                                                       ;00000000;00000;000000;       ;                                                       ;00000000;00000;000000
08;05;9;015;99;Arevalillo                                        ;99;99;00001;00000068;00000068;10000;00000052;07647;00000016;02353;00000000;00000;00000001;00192;000003;1030889;P.S.O.E.                                               ;00000040;07843;000003;1003441;PP                                                     ;00000009;01765;000000;       ;                                                       ;00000000;00000;000000;       ;                                                       ;00000000;00000;000000;       ;                                                       ;00000000;00000;000000;       ;                                                       ;00000000;00000;000000;       ;                                                       ;00000000;00000;000000;       ;                                                       ;00000000;00000;000000;       ;                                                       ;00000000;00000;000000;       ;                                                       ;00000000;00000;000000;       ;                                                       ;00000000;00000;000000;       ;                                                       ;00000000;00000;000000;       ;                                                       ;00000000;00000;000000;       ;                                                       ;00000000;00000;000000;       ;                                                       ;00000000;00000;000000;       ;                                                       ;00000000;00000;000000;       ;                                                       ;00000000;00000;000000;       ;                                                       ;00000000;00000;000000;       ;                                                       ;00000000;00000;000000;       ;                                                       ;00000000;00000;000000;       ;                                                       ;00000000;00000;000000;       ;                                                       ;00000000;00000;000000;       ;                                                       ;00000000;00000;000000;       ;                                                       ;00000000;00000;000000;       ;                                                       ;00000000;00000;000000;       ;                                                       ;00000000;00000;000000;       ;                                                       ;00000000;00000;000000;       ;                                                       ;00000000;00000;000000;       ;                                                       ;00000000;00000;000000;       ;                                                       ;00000000;00000;000000;       ;                                                       ;00000000;00000;000000;       ;                                                       ;00000000;00000;000000;       ;                                                       ;00000000;00000;000000;       ;                                                       ;00000000;00000;000000;       ;                                                       ;00000000;00000;000000;       ;                                                       ;00000000;00000;000000;       ;                                                       ;00000000;00000;000000;       ;                                                       ;00000000;00000;000000;       ;                                                       ;00000000;00000;000000;       ;                                                       ;00000000;00000;000000;       ;                                                       ;00000000;00000;000000;       ;                                                       ;00000000;00000;000000;       ;                                                       ;00000000;00000;000000;       ;                                                       ;00000000;00000;000000;       ;                                                       ;00000000;00000;000000;       ;                                                       ;00000000;00000;000000;       ;                                                       ;00000000;00000;000000;       ;                                                       ;00000000;00000;000000;       ;                                                       ;00000000;00000;000000;       ;                                                       ;00000000;00000;000000
08;05;9;016;99;Arévalo                                           ;99;99;00008;00006365;00006366;10000;00004748;07458;00001618;02542;00000057;00122;00000075;00158;000013;1003441;PP                                                     ;00001905;04077;000006;1008519;AREVALO DECIDE                                         ;00001712;03664;000006;1030889;P.S.O.E.                                               ;00000523;01119;000001;1026165;VOX                                                    ;00000211;00452;000000;9689014;Cs                                                     ;00000172;00368;000000;1015975;IU-EQUO                                                ;00000093;00199;000000;       ;                                                       ;00000000;00000;000000;       ;                                                       ;00000000;00000;000000;       ;                                                       ;00000000;00000;000000;       ;                                                       ;00000000;00000;000000;       ;                                                       ;00000000;00000;000000;       ;                                                       ;00000000;00000;000000;       ;                                                       ;00000000;00000;000000;       ;                                                       ;00000000;00000;000000;       ;                                                       ;00000000;00000;000000;       ;                                                       ;00000000;00000;000000;       ;                                                       ;00000000;00000;000000;       ;                                                       ;00000000;00000;000000;       ;                                                       ;00000000;00000;000000;       ;                                                       ;00000000;00000;000000;       ;                                                       ;00000000;00000;000000;       ;                                                       ;00000000;00000;000000;       ;                                                       ;00000000;00000;000000;       ;                                                       ;00000000;00000;000000;       ;                                                       ;00000000;00000;000000;       ;                                                       ;00000000;00000;000000;       ;                                                       ;00000000;00000;000000;       ;                                                       ;00000000;00000;000000;       ;                                                       ;00000000;00000;000000;       ;                                                       ;00000000;00000;000000;       ;                                                       ;00000000;00000;000000;       ;                                                       ;00000000;00000;000000;       ;                                                       ;00000000;00000;000000;       ;                                                       ;00000000;00000;000000;       ;                                                       ;00000000;00000;000000;       ;                                                       ;00000000;00000;000000;       ;                                                       ;00000000;00000;000000;       ;                                                       ;00000000;00000;000000;       ;                                                       ;00000000;00000;000000;       ;                                                       ;00000000;00000;000000;       ;                                                       ;00000000;00000;000000;       ;                                                       ;00000000;00000;000000;       ;                                                       ;00000000;00000;000000;       ;                                                       ;00000000;00000;000000;       ;                                                       ;00000000;00000;000000;       ;                                                       ;00000000;00000;000000;       ;                                                       ;00000000;00000;000000;       ;                                                       ;00000000;00000;000000;       ;                                                       ;00000000;00000;000000;       ;                                                       ;00000000;00000;000000
08;05;9;017;99;Aveinte                                           ;99;99;00001;00000086;00000086;10000;00000078;09070;00000008;00930;00000001;00133;00000003;00385;000003;1003441;PP                                                     ;00000059;07867;000003;1022852;XAV                                                    ;00000006;00800;000000;1030889;P.S.O.E.                                               ;00000005;00667;000000;       ;                                                       ;00000000;00000;000000;       ;                                                       ;00000000;00000;000000;       ;                                                       ;00000000;00000;000000;       ;                                                       ;00000000;00000;000000;       ;                                                       ;00000000;00000;000000;       ;                                                       ;00000000;00000;000000;       ;                                                       ;00000000;00000;000000;       ;                                                       ;00000000;00000;000000;       ;                                                       ;00000000;00000;000000;       ;                                                       ;00000000;00000;000000;       ;                                                       ;00000000;00000;000000;       ;                                                       ;00000000;00000;000000;       ;                                                       ;00000000;00000;000000;       ;                                                       ;00000000;00000;000000;       ;                                                       ;00000000;00000;000000;       ;                                                       ;00000000;00000;000000;       ;                                                       ;00000000;00000;000000;       ;                                                       ;00000000;00000;000000;       ;                                                       ;00000000;00000;000000;       ;                                                       ;00000000;00000;000000;       ;                                                       ;00000000;00000;000000;       ;                                                       ;00000000;00000;000000;       ;                                                       ;00000000;00000;000000;       ;                                                       ;00000000;00000;000000;       ;                                                       ;00000000;00000;000000;       ;                                                       ;00000000;00000;000000;       ;                                                       ;00000000;00000;000000;       ;                                                       ;00000000;00000;000000;       ;                                                       ;00000000;00000;000000;       ;                                                       ;00000000;00000;000000;       ;                                                       ;00000000;00000;000000;       ;                                                       ;00000000;00000;000000;       ;                                                       ;00000000;00000;000000;       ;                                                       ;00000000;00000;000000;       ;                                                       ;00000000;00000;000000;       ;                                                       ;00000000;00000;000000;       ;                                                       ;00000000;00000;000000;       ;                                                       ;00000000;00000;000000;       ;                                                       ;00000000;00000;000000;       ;                                                       ;00000000;00000;000000;       ;                                                       ;00000000;00000;000000;       ;                                                       ;00000000;00000;000000;       ;                                                       ;00000000;00000;000000;       ;                                                       ;00000000;00000;000000;       ;                                                       ;00000000;00000;000000;       ;                                                       ;00000000;00000;000000;       ;                                                       ;00000000;00000;000000
08;05;9;018;99;Avellaneda                                        ;99;99;00001;00000025;00000025;10000;00000020;08000;00000005;02000;00000000;00000;00000000;00000;000003;1003441;PP                                                     ;00000017;08500;000003;1030889;P.S.O.E.                                               ;00000002;01000;000000;       ;                                                       ;00000000;00000;000000;       ;                                                       ;00000000;00000;000000;       ;                                                       ;00000000;00000;000000;       ;                                                       ;00000000;00000;000000;       ;                                                       ;00000000;00000;000000;       ;                                                       ;00000000;00000;000000;       ;                                                       ;00000000;00000;000000;       ;                                                       ;00000000;00000;000000;       ;                                                       ;00000000;00000;000000;       ;                                                       ;00000000;00000;000000;       ;                                                       ;00000000;00000;000000;       ;                                                       ;00000000;00000;000000;       ;                                                       ;00000000;00000;000000;       ;                                                       ;00000000;00000;000000;       ;                                                       ;00000000;00000;000000;       ;                                                       ;00000000;00000;000000;       ;                                                       ;00000000;00000;000000;       ;                                                       ;00000000;00000;000000;       ;                                                       ;00000000;00000;000000;       ;                                                       ;00000000;00000;000000;       ;                                                       ;00000000;00000;000000;       ;                                                       ;00000000;00000;000000;       ;                                                       ;00000000;00000;000000;       ;                                                       ;00000000;00000;000000;       ;                                                       ;00000000;00000;000000;       ;                                                       ;00000000;00000;000000;       ;                                                       ;00000000;00000;000000;       ;                                                       ;00000000;00000;000000;       ;                                                       ;00000000;00000;000000;       ;                                                       ;00000000;00000;000000;       ;                                                       ;00000000;00000;000000;       ;                                                       ;00000000;00000;000000;       ;                                                       ;00000000;00000;000000;       ;                                                       ;00000000;00000;000000;       ;                                                       ;00000000;00000;000000;       ;                                                       ;00000000;00000;000000;       ;                                                       ;00000000;00000;000000;       ;                                                       ;00000000;00000;000000;       ;                                                       ;00000000;00000;000000;       ;                                                       ;00000000;00000;000000;       ;                                                       ;00000000;00000;000000;       ;                                                       ;00000000;00000;000000;       ;                                                       ;00000000;00000;000000;       ;                                                       ;00000000;00000;000000;       ;                                                       ;00000000;00000;000000;       ;                                                       ;00000000;00000;000000;       ;                                                       ;00000000;00000;000000;       ;                                                       ;00000000;00000;000000
08;05;9;021;99;Barco de Ávila, El                                ;99;99;00004;00001894;00001894;10000;00001412;07455;00000482;02545;00000032;00235;00000053;00375;000011;1030889;P.S.O.E.                                               ;00000666;04901;000006;1003441;PP                                                     ;00000627;04614;000005;9689014;Cs                                                     ;00000034;00250;000000;       ;                                                       ;00000000;00000;000000;       ;                                                       ;00000000;00000;000000;       ;                                                       ;00000000;00000;000000;       ;                                                       ;00000000;00000;000000;       ;                                                       ;00000000;00000;000000;       ;                                                       ;00000000;00000;000000;       ;                                                       ;00000000;00000;000000;       ;                                                       ;00000000;00000;000000;       ;                                                       ;00000000;00000;000000;       ;                                                       ;00000000;00000;000000;       ;                                                       ;00000000;00000;000000;       ;                                                       ;00000000;00000;000000;       ;                                                       ;00000000;00000;000000;       ;                                                       ;00000000;00000;000000;       ;                                                       ;00000000;00000;000000;       ;                                                       ;00000000;00000;000000;       ;                                                       ;00000000;00000;000000;       ;                                                       ;00000000;00000;000000;       ;                                                       ;00000000;00000;000000;       ;                                                       ;00000000;00000;000000;       ;                                                       ;00000000;00000;000000;       ;                                                       ;00000000;00000;000000;       ;                                                       ;00000000;00000;000000;       ;                                                       ;00000000;00000;000000;       ;                                                       ;00000000;00000;000000;       ;                                                       ;00000000;00000;000000;       ;                                                       ;00000000;00000;000000;       ;                                                       ;00000000;00000;000000;       ;                                                       ;00000000;00000;000000;       ;                                                       ;00000000;00000;000000;       ;                                                       ;00000000;00000;000000;       ;                                                       ;00000000;00000;000000;       ;                                                       ;00000000;00000;000000;       ;                                                       ;00000000;00000;000000;       ;                                                       ;00000000;00000;000000;       ;                                                       ;00000000;00000;000000;       ;                                                       ;00000000;00000;000000;       ;                                                       ;00000000;00000;000000;       ;                                                       ;00000000;00000;000000;       ;                                                       ;00000000;00000;000000;       ;                                                       ;00000000;00000;000000;       ;                                                       ;00000000;00000;000000;       ;                                                       ;00000000;00000;000000;       ;                                                       ;00000000;00000;000000;       ;                                                       ;00000000;00000;000000;       ;                                                       ;00000000;00000;000000;       ;                                                       ;00000000;00000;000000
08;05;9;022;99;Barraco, El                                       ;99;99;00003;00001587;00001587;10000;00001284;08091;00000303;01909;00000011;00087;00000016;00125;000009;1003441;PP                                                     ;00000796;06278;000006;1022852;XAV                                                    ;00000243;01916;000002;1030889;P.S.O.E.                                               ;00000218;01719;000001;       ;                                                       ;00000000;00000;000000;       ;                                                       ;00000000;00000;000000;       ;                                                       ;00000000;00000;000000;       ;                                                       ;00000000;00000;000000;       ;                                                       ;00000000;00000;000000;       ;                                                       ;00000000;00000;000000;       ;                                                       ;00000000;00000;000000;       ;                                                       ;00000000;00000;000000;       ;                                                       ;00000000;00000;000000;       ;                                                       ;00000000;00000;000000;       ;                                                       ;00000000;00000;000000;       ;                                                       ;00000000;00000;000000;       ;                                                       ;00000000;00000;000000;       ;                                                       ;00000000;00000;000000;       ;                                                       ;00000000;00000;000000;       ;                                                       ;00000000;00000;000000;       ;                                                       ;00000000;00000;000000;       ;                                                       ;00000000;00000;000000;       ;                                                       ;00000000;00000;000000;       ;                                                       ;00000000;00000;000000;       ;                                                       ;00000000;00000;000000;       ;                                                       ;00000000;00000;000000;       ;                                                       ;00000000;00000;000000;       ;                                                       ;00000000;00000;000000;       ;                                                       ;00000000;00000;000000;       ;                                                       ;00000000;00000;000000;       ;                                                       ;00000000;00000;000000;       ;                                                       ;00000000;00000;000000;       ;                                                       ;00000000;00000;000000;       ;                                                       ;00000000;00000;000000;       ;                                                       ;00000000;00000;000000;       ;                                                       ;00000000;00000;000000;       ;                                                       ;00000000;00000;000000;       ;                                                       ;00000000;00000;000000;       ;                                                       ;00000000;00000;000000;       ;                                                       ;00000000;00000;000000;       ;                                                       ;00000000;00000;000000;       ;                                                       ;00000000;00000;000000;       ;                                                       ;00000000;00000;000000;       ;                                                       ;00000000;00000;000000;       ;                                                       ;00000000;00000;000000;       ;                                                       ;00000000;00000;000000;       ;                                                       ;00000000;00000;000000;       ;                                                       ;00000000;00000;000000;       ;                                                       ;00000000;00000;000000;       ;                                                       ;00000000;00000;000000;       ;                                                       ;00000000;00000;000000
08;05;9;023;99;Barromán                                          ;99;99;00001;00000176;00000176;10000;00000167;09489;00000009;00511;00000002;00120;00000000;00000;000005;1003441;PP                                                     ;00000076;04551;000003;1022852;XAV                                                    ;00000073;04371;000002;1030889;P.S.O.E.                                               ;00000023;01377;000000;       ;                                                       ;00000000;00000;000000;       ;                                                       ;00000000;00000;000000;       ;                                                       ;00000000;00000;000000;       ;                                                       ;00000000;00000;000000;       ;                                                       ;00000000;00000;000000;       ;                                                       ;00000000;00000;000000;       ;                                                       ;00000000;00000;000000;       ;                                                       ;00000000;00000;000000;       ;                                                       ;00000000;00000;000000;       ;                                                       ;00000000;00000;000000;       ;                                                       ;00000000;00000;000000;       ;                                                       ;00000000;00000;000000;       ;                                                       ;00000000;00000;000000;       ;                                                       ;00000000;00000;000000;       ;                                                       ;00000000;00000;000000;       ;                                                       ;00000000;00000;000000;       ;                                                       ;00000000;00000;000000;       ;                                                       ;00000000;00000;000000;       ;                                                       ;00000000;00000;000000;       ;                                                       ;00000000;00000;000000;       ;                                                       ;00000000;00000;000000;       ;                                                       ;00000000;00000;000000;       ;                                                       ;00000000;00000;000000;       ;                                                       ;00000000;00000;000000;       ;                                                       ;00000000;00000;000000;       ;                                                       ;00000000;00000;000000;       ;                                                       ;00000000;00000;000000;       ;                                                       ;00000000;00000;000000;       ;                                                       ;00000000;00000;000000;       ;                                                       ;00000000;00000;000000;       ;                                                       ;00000000;00000;000000;       ;                                                       ;00000000;00000;000000;       ;                                                       ;00000000;00000;000000;       ;                                                       ;00000000;00000;000000;       ;                                                       ;00000000;00000;000000;       ;                                                       ;00000000;00000;000000;       ;                                                       ;00000000;00000;000000;       ;                                                       ;00000000;00000;000000;       ;                                                       ;00000000;00000;000000;       ;                                                       ;00000000;00000;000000;       ;                                                       ;00000000;00000;000000;       ;                                                       ;00000000;00000;000000;       ;                                                       ;00000000;00000;000000;       ;                                                       ;00000000;00000;000000;       ;                                                       ;00000000;00000;000000;       ;                                                       ;00000000;00000;000000;       ;                                                       ;00000000;00000;000000
08;05;9;024;99;Becedas                                           ;99;99;00001;00000200;00000200;10000;00000154;07700;00000046;02300;00000006;00411;00000008;00519;000005;1003441;PP                                                     ;00000083;05685;000004;1030889;P.S.O.E.                                               ;00000080;05479;000001;       ;                                                       ;00000000;00000;000000;       ;                                                       ;00000000;00000;000000;       ;                                                       ;00000000;00000;000000;       ;                                                       ;00000000;00000;000000;       ;                                                       ;00000000;00000;000000;       ;                                                       ;00000000;00000;000000;       ;                                                       ;00000000;00000;000000;       ;                                                       ;00000000;00000;000000;       ;                                                       ;00000000;00000;000000;       ;                                                       ;00000000;00000;000000;       ;                                                       ;00000000;00000;000000;       ;                                                       ;00000000;00000;000000;       ;                                                       ;00000000;00000;000000;       ;                                                       ;00000000;00000;000000;       ;                                                       ;00000000;00000;000000;       ;                                                       ;00000000;00000;000000;       ;                                                       ;00000000;00000;000000;       ;                                                       ;00000000;00000;000000;       ;                                                       ;00000000;00000;000000;       ;                                                       ;00000000;00000;000000;       ;                                                       ;00000000;00000;000000;       ;                                                       ;00000000;00000;000000;       ;                                                       ;00000000;00000;000000;       ;                                                       ;00000000;00000;000000;       ;                                                       ;00000000;00000;000000;       ;                                                       ;00000000;00000;000000;       ;                                                       ;00000000;00000;000000;       ;                                                       ;00000000;00000;000000;       ;                                                       ;00000000;00000;000000;       ;                                                       ;00000000;00000;000000;       ;                                                       ;00000000;00000;000000;       ;                                                       ;00000000;00000;000000;       ;                                                       ;00000000;00000;000000;       ;                                                       ;00000000;00000;000000;       ;                                                       ;00000000;00000;000000;       ;                                                       ;00000000;00000;000000;       ;                                                       ;00000000;00000;000000;       ;                                                       ;00000000;00000;000000;       ;                                                       ;00000000;00000;000000;       ;                                                       ;00000000;00000;000000;       ;                                                       ;00000000;00000;000000;       ;                                                       ;00000000;00000;000000;       ;                                                       ;00000000;00000;000000;       ;                                                       ;00000000;00000;000000;       ;                                                       ;00000000;00000;000000;       ;                                                       ;00000000;00000;000000;       ;                                                       ;00000000;00000;000000;       ;                                                       ;00000000;00000;000000
08;05;9;025;99;Becedillas                                        ;99;99;00001;00000080;00000080;10000;00000066;08250;00000014;01750;00000009;01429;00000003;00455;000003;1003441;PP                                                     ;00000046;07302;000003;1030889;P.S.O.E.                                               ;00000005;00794;000000;       ;                                                       ;00000000;00000;000000;       ;                                                       ;00000000;00000;000000;       ;                                                       ;00000000;00000;000000;       ;                                                       ;00000000;00000;000000;       ;                                                       ;00000000;00000;000000;       ;                                                       ;00000000;00000;000000;       ;                                                       ;00000000;00000;000000;       ;                                                       ;00000000;00000;000000;       ;                                                       ;00000000;00000;000000;       ;                                                       ;00000000;00000;000000;       ;                                                       ;00000000;00000;000000;       ;                                                       ;00000000;00000;000000;       ;                                                       ;00000000;00000;000000;       ;                                                       ;00000000;00000;000000;       ;                                                       ;00000000;00000;000000;       ;                                                       ;00000000;00000;000000;       ;                                                       ;00000000;00000;000000;       ;                                                       ;00000000;00000;000000;       ;                                                       ;00000000;00000;000000;       ;                                                       ;00000000;00000;000000;       ;                                                       ;00000000;00000;000000;       ;                                                       ;00000000;00000;000000;       ;                                                       ;00000000;00000;000000;       ;                                                       ;00000000;00000;000000;       ;                                                       ;00000000;00000;000000;       ;                                                       ;00000000;00000;000000;       ;                                                       ;00000000;00000;000000;       ;                                                       ;00000000;00000;000000;       ;                                                       ;00000000;00000;000000;       ;                                                       ;00000000;00000;000000;       ;                                                       ;00000000;00000;000000;       ;                                                       ;00000000;00000;000000;       ;                                                       ;00000000;00000;000000;       ;                                                       ;00000000;00000;000000;       ;                                                       ;00000000;00000;000000;       ;                                                       ;00000000;00000;000000;       ;                                                       ;00000000;00000;000000;       ;                                                       ;00000000;00000;000000;       ;                                                       ;00000000;00000;000000;       ;                                                       ;00000000;00000;000000;       ;                                                       ;00000000;00000;000000;       ;                                                       ;00000000;00000;000000;       ;                                                       ;00000000;00000;000000;       ;                                                       ;00000000;00000;000000;       ;                                                       ;00000000;00000;000000;       ;                                                       ;00000000;00000;000000;       ;                                                       ;00000000;00000;000000;       ;                                                       ;00000000;00000;000000
08;05;9;026;99;Bercial de Zapardiel                              ;99;99;00001;00000186;00000186;10000;00000161;08656;00000025;01344;00000004;00252;00000002;00124;000005;1003441;PP                                                     ;00000088;05535;000004;1022293;IZQUIERDA UNIDA-EQUO                                   ;00000039;02453;000001;9689014;Cs                                                     ;00000020;01258;000000;1030889;P.S.O.E.                                               ;00000003;00189;000000;       ;                                                       ;00000000;00000;000000;       ;                                                       ;00000000;00000;000000;       ;                                                       ;00000000;00000;000000;       ;                                                       ;00000000;00000;000000;       ;                                                       ;00000000;00000;000000;       ;                                                       ;00000000;00000;000000;       ;                                                       ;00000000;00000;000000;       ;                                                       ;00000000;00000;000000;       ;                                                       ;00000000;00000;000000;       ;                                                       ;00000000;00000;000000;       ;                                                       ;00000000;00000;000000;       ;                                                       ;00000000;00000;000000;       ;                                                       ;00000000;00000;000000;       ;                                                       ;00000000;00000;000000;       ;                                                       ;00000000;00000;000000;       ;                                                       ;00000000;00000;000000;       ;                                                       ;00000000;00000;000000;       ;                                                       ;00000000;00000;000000;       ;                                                       ;00000000;00000;000000;       ;                                                       ;00000000;00000;000000;       ;                                                       ;00000000;00000;000000;       ;                                                       ;00000000;00000;000000;       ;                                                       ;00000000;00000;000000;       ;                                                       ;00000000;00000;000000;       ;                                                       ;00000000;00000;000000;       ;                                                       ;00000000;00000;000000;       ;                                                       ;00000000;00000;000000;       ;                                                       ;00000000;00000;000000;       ;                                                       ;00000000;00000;000000;       ;                                                       ;00000000;00000;000000;       ;                                                       ;00000000;00000;000000;       ;                                                       ;00000000;00000;000000;       ;                                                       ;00000000;00000;000000;       ;                                                       ;00000000;00000;000000;       ;                                                       ;00000000;00000;000000;       ;                                                       ;00000000;00000;000000;       ;                                                       ;00000000;00000;000000;       ;                                                       ;00000000;00000;000000;       ;                                                       ;00000000;00000;000000;       ;                                                       ;00000000;00000;000000;       ;                                                       ;00000000;00000;000000;       ;                                                       ;00000000;00000;000000;       ;                                                       ;00000000;00000;000000;       ;                                                       ;00000000;00000;000000;       ;                                                       ;00000000;00000;000000;       ;                                                       ;00000000;00000;000000
08;05;9;027;99;Berlanas, Las                                     ;99;99;00001;00000262;00000262;10000;00000203;07748;00000059;02252;00000005;00255;00000007;00345;000007;1003441;PP                                                     ;00000137;06990;000005;1030889;P.S.O.E.                                               ;00000054;02755;000002;       ;                                                       ;00000000;00000;000000;       ;                                                       ;00000000;00000;000000;       ;                                                       ;00000000;00000;000000;       ;                                                       ;00000000;00000;000000;       ;                                                       ;00000000;00000;000000;       ;                                                       ;00000000;00000;000000;       ;                                                       ;00000000;00000;000000;       ;                                                       ;00000000;00000;000000;       ;                                                       ;00000000;00000;000000;       ;                                                       ;00000000;00000;000000;       ;                                                       ;00000000;00000;000000;       ;                                                       ;00000000;00000;000000;       ;                                                       ;00000000;00000;000000;       ;                                                       ;00000000;00000;000000;       ;                                                       ;00000000;00000;000000;       ;                                                       ;00000000;00000;000000;       ;                                                       ;00000000;00000;000000;       ;                                                       ;00000000;00000;000000;       ;                                                       ;00000000;00000;000000;       ;                                                       ;00000000;00000;000000;       ;                                                       ;00000000;00000;000000;       ;                                                       ;00000000;00000;000000;       ;                                                       ;00000000;00000;000000;       ;                                                       ;00000000;00000;000000;       ;                                                       ;00000000;00000;000000;       ;                                                       ;00000000;00000;000000;       ;                                                       ;00000000;00000;000000;       ;                                                       ;00000000;00000;000000;       ;                                                       ;00000000;00000;000000;       ;                                                       ;00000000;00000;000000;       ;                                                       ;00000000;00000;000000;       ;                                                       ;00000000;00000;000000;       ;                                                       ;00000000;00000;000000;       ;                                                       ;00000000;00000;000000;       ;                                                       ;00000000;00000;000000;       ;                                                       ;00000000;00000;000000;       ;                                                       ;00000000;00000;000000;       ;                                                       ;00000000;00000;000000;       ;                                                       ;00000000;00000;000000;       ;                                                       ;00000000;00000;000000;       ;                                                       ;00000000;00000;000000;       ;                                                       ;00000000;00000;000000;       ;                                                       ;00000000;00000;000000;       ;                                                       ;00000000;00000;000000;       ;                                                       ;00000000;00000;000000;       ;                                                       ;00000000;00000;000000;       ;                                                       ;00000000;00000;000000;       ;                                                       ;00000000;00000;000000
08;05;9;029;99;Bernuy-Zapardiel                                  ;99;99;00001;00000099;00000099;10000;00000076;07677;00000023;02323;00000002;00299;00000009;01184;000005;1003441;PP                                                     ;00000034;05075;000004;1030889;P.S.O.E.                                               ;00000032;04776;000001;       ;                                                       ;00000000;00000;000000;       ;                                                       ;00000000;00000;000000;       ;                                                       ;00000000;00000;000000;       ;                                                       ;00000000;00000;000000;       ;                                                       ;00000000;00000;000000;       ;                                                       ;00000000;00000;000000;       ;                                                       ;00000000;00000;000000;       ;                                                       ;00000000;00000;000000;       ;                                                       ;00000000;00000;000000;       ;                                                       ;00000000;00000;000000;       ;                                                       ;00000000;00000;000000;       ;                                                       ;00000000;00000;000000;       ;                                                       ;00000000;00000;000000;       ;                                                       ;00000000;00000;000000;       ;                                                       ;00000000;00000;000000;       ;                                                       ;00000000;00000;000000;       ;                                                       ;00000000;00000;000000;       ;                                                       ;00000000;00000;000000;       ;                                                       ;00000000;00000;000000;       ;                                                       ;00000000;00000;000000;       ;                                                       ;00000000;00000;000000;       ;                                                       ;00000000;00000;000000;       ;                                                       ;00000000;00000;000000;       ;                                                       ;00000000;00000;000000;       ;                                                       ;00000000;00000;000000;       ;                                                       ;00000000;00000;000000;       ;                                                       ;00000000;00000;000000;       ;                                                       ;00000000;00000;000000;       ;                                                       ;00000000;00000;000000;       ;                                                       ;00000000;00000;000000;       ;                                                       ;00000000;00000;000000;       ;                                                       ;00000000;00000;000000;       ;                                                       ;00000000;00000;000000;       ;                                                       ;00000000;00000;000000;       ;                                                       ;00000000;00000;000000;       ;                                                       ;00000000;00000;000000;       ;                                                       ;00000000;00000;000000;       ;                                                       ;00000000;00000;000000;       ;                                                       ;00000000;00000;000000;       ;                                                       ;00000000;00000;000000;       ;                                                       ;00000000;00000;000000;       ;                                                       ;00000000;00000;000000;       ;                                                       ;00000000;00000;000000;       ;                                                       ;00000000;00000;000000;       ;                                                       ;00000000;00000;000000;       ;                                                       ;00000000;00000;000000;       ;                                                       ;00000000;00000;000000;       ;                                                       ;00000000;00000;000000
08;05;9;030;99;Berrocalejo de Aragona                            ;99;99;00001;00000041;00000041;10000;00000034;08293;00000007;01707;00000001;00303;00000001;00294;000003;1009888;AIEBA                                                  ;00000030;09091;000003;1030889;P.S.O.E.                                               ;00000002;00606;000000;1003441;PP                                                     ;00000000;00000;000000;       ;                                                       ;00000000;00000;000000;       ;                                                       ;00000000;00000;000000;       ;                                                       ;00000000;00000;000000;       ;                                                       ;00000000;00000;000000;       ;                                                       ;00000000;00000;000000;       ;                                                       ;00000000;00000;000000;       ;                                                       ;00000000;00000;000000;       ;                                                       ;00000000;00000;000000;       ;                                                       ;00000000;00000;000000;       ;                                                       ;00000000;00000;000000;       ;                                                       ;00000000;00000;000000;       ;                                                       ;00000000;00000;000000;       ;                                                       ;00000000;00000;000000;       ;                                                       ;00000000;00000;000000;       ;                                                       ;00000000;00000;000000;       ;                                                       ;00000000;00000;000000;       ;                                                       ;00000000;00000;000000;       ;                                                       ;00000000;00000;000000;       ;                                                       ;00000000;00000;000000;       ;                                                       ;00000000;00000;000000;       ;                                                       ;00000000;00000;000000;       ;                                                       ;00000000;00000;000000;       ;                                                       ;00000000;00000;000000;       ;                                                       ;00000000;00000;000000;       ;                                                       ;00000000;00000;000000;       ;                                                       ;00000000;00000;000000;       ;                                                       ;00000000;00000;000000;       ;                                                       ;00000000;00000;000000;       ;                                                       ;00000000;00000;000000;       ;                                                       ;00000000;00000;000000;       ;                                                       ;00000000;00000;000000;       ;                                                       ;00000000;00000;000000;       ;                                                       ;00000000;00000;000000;       ;                                                       ;00000000;00000;000000;       ;                                                       ;00000000;00000;000000;       ;                                                       ;00000000;00000;000000;       ;                                                       ;00000000;00000;000000;       ;                                                       ;00000000;00000;000000;       ;                                                       ;00000000;00000;000000;       ;                                                       ;00000000;00000;000000;       ;                                                       ;00000000;00000;000000;       ;                                                       ;00000000;00000;000000;       ;                                                       ;00000000;00000;000000;       ;                                                       ;00000000;00000;000000;       ;                                                       ;00000000;00000;000000;       ;                                                       ;00000000;00000;000000;       ;                                                       ;00000000;00000;000000
08;05;9;033;99;Blascomillán                                      ;99;99;00001;00000170;00000170;10000;00000138;08118;00000032;01882;00000002;00163;00000015;01087;000005;1003441;PP                                                     ;00000081;06585;000004;1030889;P.S.O.E.                                               ;00000037;03008;000001;       ;                                                       ;00000000;00000;000000;       ;                                                       ;00000000;00000;000000;       ;                                                       ;00000000;00000;000000;       ;                                                       ;00000000;00000;000000;       ;                                                       ;00000000;00000;000000;       ;                                                       ;00000000;00000;000000;       ;                                                       ;00000000;00000;000000;       ;                                                       ;00000000;00000;000000;       ;                                                       ;00000000;00000;000000;       ;                                                       ;00000000;00000;000000;       ;                                                       ;00000000;00000;000000;       ;                                                       ;00000000;00000;000000;       ;                                                       ;00000000;00000;000000;       ;                                                       ;00000000;00000;000000;       ;                                                       ;00000000;00000;000000;       ;                                                       ;00000000;00000;000000;       ;                                                       ;00000000;00000;000000;       ;                                                       ;00000000;00000;000000;       ;                                                       ;00000000;00000;000000;       ;                                                       ;00000000;00000;000000;       ;                                                       ;00000000;00000;000000;       ;                                                       ;00000000;00000;000000;       ;                                                       ;00000000;00000;000000;       ;                                                       ;00000000;00000;000000;       ;                                                       ;00000000;00000;000000;       ;                                                       ;00000000;00000;000000;       ;                                                       ;00000000;00000;000000;       ;                                                       ;00000000;00000;000000;       ;                                                       ;00000000;00000;000000;       ;                                                       ;00000000;00000;000000;       ;                                                       ;00000000;00000;000000;       ;                                                       ;00000000;00000;000000;       ;                                                       ;00000000;00000;000000;       ;                                                       ;00000000;00000;000000;       ;                                                       ;00000000;00000;000000;       ;                                                       ;00000000;00000;000000;       ;                                                       ;00000000;00000;000000;       ;                                                       ;00000000;00000;000000;       ;                                                       ;00000000;00000;000000;       ;                                                       ;00000000;00000;000000;       ;                                                       ;00000000;00000;000000;       ;                                                       ;00000000;00000;000000;       ;                                                       ;00000000;00000;000000;       ;                                                       ;00000000;00000;000000;       ;                                                       ;00000000;00000;000000;       ;                                                       ;00000000;00000;000000;       ;                                                       ;00000000;00000;000000;       ;                                                       ;00000000;00000;000000
08;05;9;034;99;Blasconuño de Matacabras                          ;99;99;00001;00000016;00000016;10000;00000014;08750;00000002;01250;00000000;00000;00000000;00000;000003;1003441;PP                                                     ;00000011;07857;000003;1030889;P.S.O.E.                                               ;00000001;00714;000000;       ;                                                       ;00000000;00000;000000;       ;                                                       ;00000000;00000;000000;       ;                                                       ;00000000;00000;000000;       ;                                                       ;00000000;00000;000000;       ;                                                       ;00000000;00000;000000;       ;                                                       ;00000000;00000;000000;       ;                                                       ;00000000;00000;000000;       ;                                                       ;00000000;00000;000000;       ;                                                       ;00000000;00000;000000;       ;                                                       ;00000000;00000;000000;       ;                                                       ;00000000;00000;000000;       ;                                                       ;00000000;00000;000000;       ;                                                       ;00000000;00000;000000;       ;                                                       ;00000000;00000;000000;       ;                                                       ;00000000;00000;000000;       ;                                                       ;00000000;00000;000000;       ;                                                       ;00000000;00000;000000;       ;                                                       ;00000000;00000;000000;       ;                                                       ;00000000;00000;000000;       ;                                                       ;00000000;00000;000000;       ;                                                       ;00000000;00000;000000;       ;                                                       ;00000000;00000;000000;       ;                                                       ;00000000;00000;000000;       ;                                                       ;00000000;00000;000000;       ;                                                       ;00000000;00000;000000;       ;                                                       ;00000000;00000;000000;       ;                                                       ;00000000;00000;000000;       ;                                                       ;00000000;00000;000000;       ;                                                       ;00000000;00000;000000;       ;                                                       ;00000000;00000;000000;       ;                                                       ;00000000;00000;000000;       ;                                                       ;00000000;00000;000000;       ;                                                       ;00000000;00000;000000;       ;                                                       ;00000000;00000;000000;       ;                                                       ;00000000;00000;000000;       ;                                                       ;00000000;00000;000000;       ;                                                       ;00000000;00000;000000;       ;                                                       ;00000000;00000;000000;       ;                                                       ;00000000;00000;000000;       ;                                                       ;00000000;00000;000000;       ;                                                       ;00000000;00000;000000;       ;                                                       ;00000000;00000;000000;       ;                                                       ;00000000;00000;000000;       ;                                                       ;00000000;00000;000000;       ;                                                       ;00000000;00000;000000;       ;                                                       ;00000000;00000;000000;       ;                                                       ;00000000;00000;000000;       ;                                                       ;00000000;00000;000000
08;05;9;035;99;Blascosancho                                      ;99;99;00001;00000096;00000096;10000;00000076;07917;00000020;02083;00000003;00405;00000002;00263;000005;1003441;PP                                                     ;00000045;06081;000004;1030889;P.S.O.E.                                               ;00000016;02162;000001;       ;                                                       ;00000000;00000;000000;       ;                                                       ;00000000;00000;000000;       ;                                                       ;00000000;00000;000000;       ;                                                       ;00000000;00000;000000;       ;                                                       ;00000000;00000;000000;       ;                                                       ;00000000;00000;000000;       ;                                                       ;00000000;00000;000000;       ;                                                       ;00000000;00000;000000;       ;                                                       ;00000000;00000;000000;       ;                                                       ;00000000;00000;000000;       ;                                                       ;00000000;00000;000000;       ;                                                       ;00000000;00000;000000;       ;                                                       ;00000000;00000;000000;       ;                                                       ;00000000;00000;000000;       ;                                                       ;00000000;00000;000000;       ;                                                       ;00000000;00000;000000;       ;                                                       ;00000000;00000;000000;       ;                                                       ;00000000;00000;000000;       ;                                                       ;00000000;00000;000000;       ;                                                       ;00000000;00000;000000;       ;                                                       ;00000000;00000;000000;       ;                                                       ;00000000;00000;000000;       ;                                                       ;00000000;00000;000000;       ;                                                       ;00000000;00000;000000;       ;                                                       ;00000000;00000;000000;       ;                                                       ;00000000;00000;000000;       ;                                                       ;00000000;00000;000000;       ;                                                       ;00000000;00000;000000;       ;                                                       ;00000000;00000;000000;       ;                                                       ;00000000;00000;000000;       ;                                                       ;00000000;00000;000000;       ;                                                       ;00000000;00000;000000;       ;                                                       ;00000000;00000;000000;       ;                                                       ;00000000;00000;000000;       ;                                                       ;00000000;00000;000000;       ;                                                       ;00000000;00000;000000;       ;                                                       ;00000000;00000;000000;       ;                                                       ;00000000;00000;000000;       ;                                                       ;00000000;00000;000000;       ;                                                       ;00000000;00000;000000;       ;                                                       ;00000000;00000;000000;       ;                                                       ;00000000;00000;000000;       ;                                                       ;00000000;00000;000000;       ;                                                       ;00000000;00000;000000;       ;                                                       ;00000000;00000;000000;       ;                                                       ;00000000;00000;000000;       ;                                                       ;00000000;00000;000000;       ;                                                       ;00000000;00000;000000
08;05;9;036;99;Bohodón, El                                       ;99;99;00001;00000117;00000117;10000;00000101;08632;00000016;01368;00000000;00000;00000007;00693;000005;1003441;PP                                                     ;00000072;07660;000005;1030889;P.S.O.E.                                               ;00000020;02128;000000;       ;                                                       ;00000000;00000;000000;       ;                                                       ;00000000;00000;000000;       ;                                                       ;00000000;00000;000000;       ;                                                       ;00000000;00000;000000;       ;                                                       ;00000000;00000;000000;       ;                                                       ;00000000;00000;000000;       ;                                                       ;00000000;00000;000000;       ;                                                       ;00000000;00000;000000;       ;                                                       ;00000000;00000;000000;       ;                                                       ;00000000;00000;000000;       ;                                                       ;00000000;00000;000000;       ;                                                       ;00000000;00000;000000;       ;                                                       ;00000000;00000;000000;       ;                                                       ;00000000;00000;000000;       ;                                                       ;00000000;00000;000000;       ;                                                       ;00000000;00000;000000;       ;                                                       ;00000000;00000;000000;       ;                                                       ;00000000;00000;000000;       ;                                                       ;00000000;00000;000000;       ;                                                       ;00000000;00000;000000;       ;                                                       ;00000000;00000;000000;       ;                                                       ;00000000;00000;000000;       ;                                                       ;00000000;00000;000000;       ;                                                       ;00000000;00000;000000;       ;                                                       ;00000000;00000;000000;       ;                                                       ;00000000;00000;000000;       ;                                                       ;00000000;00000;000000;       ;                                                       ;00000000;00000;000000;       ;                                                       ;00000000;00000;000000;       ;                                                       ;00000000;00000;000000;       ;                                                       ;00000000;00000;000000;       ;                                                       ;00000000;00000;000000;       ;                                                       ;00000000;00000;000000;       ;                                                       ;00000000;00000;000000;       ;                                                       ;00000000;00000;000000;       ;                                                       ;00000000;00000;000000;       ;                                                       ;00000000;00000;000000;       ;                                                       ;00000000;00000;000000;       ;                                                       ;00000000;00000;000000;       ;                                                       ;00000000;00000;000000;       ;                                                       ;00000000;00000;000000;       ;                                                       ;00000000;00000;000000;       ;                                                       ;00000000;00000;000000;       ;                                                       ;00000000;00000;000000;       ;                                                       ;00000000;00000;000000;       ;                                                       ;00000000;00000;000000;       ;                                                       ;00000000;00000;000000;       ;                                                       ;00000000;00000;000000
08;05;9;037;99;Bohoyo                                            ;99;99;00001;00000217;00000217;10000;00000168;07742;00000049;02258;00000001;00063;00000009;00536;000005;1003441;PP                                                     ;00000058;03648;000003;1030889;P.S.O.E.                                               ;00000054;03396;000002;1022852;XAV                                                    ;00000022;01384;000000;9689014;Cs                                                     ;00000018;01132;000000;       ;                                                       ;00000000;00000;000000;       ;                                                       ;00000000;00000;000000;       ;                                                       ;00000000;00000;000000;       ;                                                       ;00000000;00000;000000;       ;                                                       ;00000000;00000;000000;       ;                                                       ;00000000;00000;000000;       ;                                                       ;00000000;00000;000000;       ;                                                       ;00000000;00000;000000;       ;                                                       ;00000000;00000;000000;       ;                                                       ;00000000;00000;000000;       ;                                                       ;00000000;00000;000000;       ;                                                       ;00000000;00000;000000;       ;                                                       ;00000000;00000;000000;       ;                                                       ;00000000;00000;000000;       ;                                                       ;00000000;00000;000000;       ;                                                       ;00000000;00000;000000;       ;                                                       ;00000000;00000;000000;       ;                                                       ;00000000;00000;000000;       ;                                                       ;00000000;00000;000000;       ;                                                       ;00000000;00000;000000;       ;                                                       ;00000000;00000;000000;       ;                                                       ;00000000;00000;000000;       ;                                                       ;00000000;00000;000000;       ;                                                       ;00000000;00000;000000;       ;                                                       ;00000000;00000;000000;       ;                                                       ;00000000;00000;000000;       ;                                                       ;00000000;00000;000000;       ;                                                       ;00000000;00000;000000;       ;                                                       ;00000000;00000;000000;       ;                                                       ;00000000;00000;000000;       ;                                                       ;00000000;00000;000000;       ;                                                       ;00000000;00000;000000;       ;                                                       ;00000000;00000;000000;       ;                                                       ;00000000;00000;000000;       ;                                                       ;00000000;00000;000000;       ;                                                       ;00000000;00000;000000;       ;                                                       ;00000000;00000;000000;       ;                                                       ;00000000;00000;000000;       ;                                                       ;00000000;00000;000000;       ;                                                       ;00000000;00000;000000;       ;                                                       ;00000000;00000;000000;       ;                                                       ;00000000;00000;000000;       ;                                                       ;00000000;00000;000000;       ;                                                       ;00000000;00000;000000;       ;                                                       ;00000000;00000;000000;       ;                                                       ;00000000;00000;000000
08;05;9;038;99;Bonilla de la Sierra                              ;99;99;00001;00000115;00000115;10000;00000108;09391;00000007;00609;00000002;00190;00000003;00278;000005;1030889;P.S.O.E.                                               ;00000059;05619;000004;1003441;PP                                                     ;00000041;03905;000001;       ;                                                       ;00000000;00000;000000;       ;                                                       ;00000000;00000;000000;       ;                                                       ;00000000;00000;000000;       ;                                                       ;00000000;00000;000000;       ;                                                       ;00000000;00000;000000;       ;                                                       ;00000000;00000;000000;       ;                                                       ;00000000;00000;000000;       ;                                                       ;00000000;00000;000000;       ;                                                       ;00000000;00000;000000;       ;                                                       ;00000000;00000;000000;       ;                                                       ;00000000;00000;000000;       ;                                                       ;00000000;00000;000000;       ;                                                       ;00000000;00000;000000;       ;                                                       ;00000000;00000;000000;       ;                                                       ;00000000;00000;000000;       ;                                                       ;00000000;00000;000000;       ;                                                       ;00000000;00000;000000;       ;                                                       ;00000000;00000;000000;       ;                                                       ;00000000;00000;000000;       ;                                                       ;00000000;00000;000000;       ;                                                       ;00000000;00000;000000;       ;                                                       ;00000000;00000;000000;       ;                                                       ;00000000;00000;000000;       ;                                                       ;00000000;00000;000000;       ;                                                       ;00000000;00000;000000;       ;                                                       ;00000000;00000;000000;       ;                                                       ;00000000;00000;000000;       ;                                                       ;00000000;00000;000000;       ;                                                       ;00000000;00000;000000;       ;                                                       ;00000000;00000;000000;       ;                                                       ;00000000;00000;000000;       ;                                                       ;00000000;00000;000000;       ;                                                       ;00000000;00000;000000;       ;                                                       ;00000000;00000;000000;       ;                                                       ;00000000;00000;000000;       ;                                                       ;00000000;00000;000000;       ;                                                       ;00000000;00000;000000;       ;                                                       ;00000000;00000;000000;       ;                                                       ;00000000;00000;000000;       ;                                                       ;00000000;00000;000000;       ;                                                       ;00000000;00000;000000;       ;                                                       ;00000000;00000;000000;       ;                                                       ;00000000;00000;000000;       ;                                                       ;00000000;00000;000000;       ;                                                       ;00000000;00000;000000;       ;                                                       ;00000000;00000;000000;       ;                                                       ;00000000;00000;000000;       ;                                                       ;00000000;00000;000000
08;05;9;039;99;Brabos                                            ;99;99;00001;00000048;00000048;10000;00000047;09792;00000001;00208;00000001;00217;00000001;00213;000003;1003441;PP                                                     ;00000025;05435;000002;1030889;P.S.O.E.                                               ;00000019;04130;000001;       ;                                                       ;00000000;00000;000000;       ;                                                       ;00000000;00000;000000;       ;                                                       ;00000000;00000;000000;       ;                                                       ;00000000;00000;000000;       ;                                                       ;00000000;00000;000000;       ;                                                       ;00000000;00000;000000;       ;                                                       ;00000000;00000;000000;       ;                                                       ;00000000;00000;000000;       ;                                                       ;00000000;00000;000000;       ;                                                       ;00000000;00000;000000;       ;                                                       ;00000000;00000;000000;       ;                                                       ;00000000;00000;000000;       ;                                                       ;00000000;00000;000000;       ;                                                       ;00000000;00000;000000;       ;                                                       ;00000000;00000;000000;       ;                                                       ;00000000;00000;000000;       ;                                                       ;00000000;00000;000000;       ;                                                       ;00000000;00000;000000;       ;                                                       ;00000000;00000;000000;       ;                                                       ;00000000;00000;000000;       ;                                                       ;00000000;00000;000000;       ;                                                       ;00000000;00000;000000;       ;                                                       ;00000000;00000;000000;       ;                                                       ;00000000;00000;000000;       ;                                                       ;00000000;00000;000000;       ;                                                       ;00000000;00000;000000;       ;                                                       ;00000000;00000;000000;       ;                                                       ;00000000;00000;000000;       ;                                                       ;00000000;00000;000000;       ;                                                       ;00000000;00000;000000;       ;                                                       ;00000000;00000;000000;       ;                                                       ;00000000;00000;000000;       ;                                                       ;00000000;00000;000000;       ;                                                       ;00000000;00000;000000;       ;                                                       ;00000000;00000;000000;       ;                                                       ;00000000;00000;000000;       ;                                                       ;00000000;00000;000000;       ;                                                       ;00000000;00000;000000;       ;                                                       ;00000000;00000;000000;       ;                                                       ;00000000;00000;000000;       ;                                                       ;00000000;00000;000000;       ;                                                       ;00000000;00000;000000;       ;                                                       ;00000000;00000;000000;       ;                                                       ;00000000;00000;000000;       ;                                                       ;00000000;00000;000000;       ;                                                       ;00000000;00000;000000;       ;                                                       ;00000000;00000;000000;       ;                                                       ;00000000;00000;000000
08;05;9;040;99;Bularros                                          ;99;99;00001;00000064;00000064;10000;00000053;08281;00000011;01719;00000000;00000;00000001;00189;000003;1003441;PP                                                     ;00000035;06731;000003;1021736;TC                                                     ;00000012;02308;000000;1022852;XAV                                                    ;00000009;01731;000000;1030889;P.S.O.E.                                               ;00000001;00192;000000;       ;                                                       ;00000000;00000;000000;       ;                                                       ;00000000;00000;000000;       ;                                                       ;00000000;00000;000000;       ;                                                       ;00000000;00000;000000;       ;                                                       ;00000000;00000;000000;       ;                                                       ;00000000;00000;000000;       ;                                                       ;00000000;00000;000000;       ;                                                       ;00000000;00000;000000;       ;                                                       ;00000000;00000;000000;       ;                                                       ;00000000;00000;000000;       ;                                                       ;00000000;00000;000000;       ;                                                       ;00000000;00000;000000;       ;                                                       ;00000000;00000;000000;       ;                                                       ;00000000;00000;000000;       ;                                                       ;00000000;00000;000000;       ;                                                       ;00000000;00000;000000;       ;                                                       ;00000000;00000;000000;       ;                                                       ;00000000;00000;000000;       ;                                                       ;00000000;00000;000000;       ;                                                       ;00000000;00000;000000;       ;                                                       ;00000000;00000;000000;       ;                                                       ;00000000;00000;000000;       ;                                                       ;00000000;00000;000000;       ;                                                       ;00000000;00000;000000;       ;                                                       ;00000000;00000;000000;       ;                                                       ;00000000;00000;000000;       ;                                                       ;00000000;00000;000000;       ;                                                       ;00000000;00000;000000;       ;                                                       ;00000000;00000;000000;       ;                                                       ;00000000;00000;000000;       ;                                                       ;00000000;00000;000000;       ;                                                       ;00000000;00000;000000;       ;                                                       ;00000000;00000;000000;       ;                                                       ;00000000;00000;000000;       ;                                                       ;00000000;00000;000000;       ;                                                       ;00000000;00000;000000;       ;                                                       ;00000000;00000;000000;       ;                                                       ;00000000;00000;000000;       ;                                                       ;00000000;00000;000000;       ;                                                       ;00000000;00000;000000;       ;                                                       ;00000000;00000;000000;       ;                                                       ;00000000;00000;000000;       ;                                                       ;00000000;00000;000000;       ;                                                       ;00000000;00000;000000;       ;                                                       ;00000000;00000;000000;       ;                                                       ;00000000;00000;000000
08;05;9;041;99;Burgohondo                                        ;99;99;00002;00001003;00001003;10000;00000852;08495;00000151;01505;00000009;00107;00000009;00106;000009;1003441;PP                                                     ;00000528;06263;000006;1022852;XAV                                                    ;00000168;01993;000002;1030889;P.S.O.E.                                               ;00000138;01637;000001;       ;                                                       ;00000000;00000;000000;       ;                                                       ;00000000;00000;000000;       ;                                                       ;00000000;00000;000000;       ;                                                       ;00000000;00000;000000;       ;                                                       ;00000000;00000;000000;       ;                                                       ;00000000;00000;000000;       ;                                                       ;00000000;00000;000000;       ;                                                       ;00000000;00000;000000;       ;                                                       ;00000000;00000;000000;       ;                                                       ;00000000;00000;000000;       ;                                                       ;00000000;00000;000000;       ;                                                       ;00000000;00000;000000;       ;                                                       ;00000000;00000;000000;       ;                                                       ;00000000;00000;000000;       ;                                                       ;00000000;00000;000000;       ;                                                       ;00000000;00000;000000;       ;                                                       ;00000000;00000;000000;       ;                                                       ;00000000;00000;000000;       ;                                                       ;00000000;00000;000000;       ;                                                       ;00000000;00000;000000;       ;                                                       ;00000000;00000;000000;       ;                                                       ;00000000;00000;000000;       ;                                                       ;00000000;00000;000000;       ;                                                       ;00000000;00000;000000;       ;                                                       ;00000000;00000;000000;       ;                                                       ;00000000;00000;000000;       ;                                                       ;00000000;00000;000000;       ;                                                       ;00000000;00000;000000;       ;                                                       ;00000000;00000;000000;       ;                                                       ;00000000;00000;000000;       ;                                                       ;00000000;00000;000000;       ;                                                       ;00000000;00000;000000;       ;                                                       ;00000000;00000;000000;       ;                                                       ;00000000;00000;000000;       ;                                                       ;00000000;00000;000000;       ;                                                       ;00000000;00000;000000;       ;                                                       ;00000000;00000;000000;       ;                                                       ;00000000;00000;000000;       ;                                                       ;00000000;00000;000000;       ;                                                       ;00000000;00000;000000;       ;                                                       ;00000000;00000;000000;       ;                                                       ;00000000;00000;000000;       ;                                                       ;00000000;00000;000000;       ;                                                       ;00000000;00000;000000;       ;                                                       ;00000000;00000;000000;       ;                                                       ;00000000;00000;000000;       ;                                                       ;00000000;00000;000000
08;05;9;042;99;Cabezas de Alambre                                ;99;99;00001;00000139;00000139;10000;00000115;08273;00000024;01727;00000000;00000;00000002;00174;000005;1003441;PP                                                     ;00000069;06106;000004;1030889;P.S.O.E.                                               ;00000038;03363;000001;9689014;Cs                                                     ;00000029;02566;000000;       ;                                                       ;00000000;00000;000000;       ;                                                       ;00000000;00000;000000;       ;                                                       ;00000000;00000;000000;       ;                                                       ;00000000;00000;000000;       ;                                                       ;00000000;00000;000000;       ;                                                       ;00000000;00000;000000;       ;                                                       ;00000000;00000;000000;       ;                                                       ;00000000;00000;000000;       ;                                                       ;00000000;00000;000000;       ;                                                       ;00000000;00000;000000;       ;                                                       ;00000000;00000;000000;       ;                                                       ;00000000;00000;000000;       ;                                                       ;00000000;00000;000000;       ;                                                       ;00000000;00000;000000;       ;                                                       ;00000000;00000;000000;       ;                                                       ;00000000;00000;000000;       ;                                                       ;00000000;00000;000000;       ;                                                       ;00000000;00000;000000;       ;                                                       ;00000000;00000;000000;       ;                                                       ;00000000;00000;000000;       ;                                                       ;00000000;00000;000000;       ;                                                       ;00000000;00000;000000;       ;                                                       ;00000000;00000;000000;       ;                                                       ;00000000;00000;000000;       ;                                                       ;00000000;00000;000000;       ;                                                       ;00000000;00000;000000;       ;                                                       ;00000000;00000;000000;       ;                                                       ;00000000;00000;000000;       ;                                                       ;00000000;00000;000000;       ;                                                       ;00000000;00000;000000;       ;                                                       ;00000000;00000;000000;       ;                                                       ;00000000;00000;000000;       ;                                                       ;00000000;00000;000000;       ;                                                       ;00000000;00000;000000;       ;                                                       ;00000000;00000;000000;       ;                                                       ;00000000;00000;000000;       ;                                                       ;00000000;00000;000000;       ;                                                       ;00000000;00000;000000;       ;                                                       ;00000000;00000;000000;       ;                                                       ;00000000;00000;000000;       ;                                                       ;00000000;00000;000000;       ;                                                       ;00000000;00000;000000;       ;                                                       ;00000000;00000;000000;       ;                                                       ;00000000;00000;000000;       ;                                                       ;00000000;00000;000000;       ;                                                       ;00000000;00000;000000;       ;                                                       ;00000000;00000;000000
08;05;9;043;99;Cabezas del Pozo                                  ;99;99;00001;00000075;00000075;10000;00000069;09200;00000006;00800;00000001;00154;00000004;00580;000003;1030889;P.S.O.E.                                               ;00000031;04769;000002;1003441;PP                                                     ;00000031;04769;000001;       ;                                                       ;00000000;00000;000000;       ;                                                       ;00000000;00000;000000;       ;                                                       ;00000000;00000;000000;       ;                                                       ;00000000;00000;000000;       ;                                                       ;00000000;00000;000000;       ;                                                       ;00000000;00000;000000;       ;                                                       ;00000000;00000;000000;       ;                                                       ;00000000;00000;000000;       ;                                                       ;00000000;00000;000000;       ;                                                       ;00000000;00000;000000;       ;                                                       ;00000000;00000;000000;       ;                                                       ;00000000;00000;000000;       ;                                                       ;00000000;00000;000000;       ;                                                       ;00000000;00000;000000;       ;                                                       ;00000000;00000;000000;       ;                                                       ;00000000;00000;000000;       ;                                                       ;00000000;00000;000000;       ;                                                       ;00000000;00000;000000;       ;                                                       ;00000000;00000;000000;       ;                                                       ;00000000;00000;000000;       ;                                                       ;00000000;00000;000000;       ;                                                       ;00000000;00000;000000;       ;                                                       ;00000000;00000;000000;       ;                                                       ;00000000;00000;000000;       ;                                                       ;00000000;00000;000000;       ;                                                       ;00000000;00000;000000;       ;                                                       ;00000000;00000;000000;       ;                                                       ;00000000;00000;000000;       ;                                                       ;00000000;00000;000000;       ;                                                       ;00000000;00000;000000;       ;                                                       ;00000000;00000;000000;       ;                                                       ;00000000;00000;000000;       ;                                                       ;00000000;00000;000000;       ;                                                       ;00000000;00000;000000;       ;                                                       ;00000000;00000;000000;       ;                                                       ;00000000;00000;000000;       ;                                                       ;00000000;00000;000000;       ;                                                       ;00000000;00000;000000;       ;                                                       ;00000000;00000;000000;       ;                                                       ;00000000;00000;000000;       ;                                                       ;00000000;00000;000000;       ;                                                       ;00000000;00000;000000;       ;                                                       ;00000000;00000;000000;       ;                                                       ;00000000;00000;000000;       ;                                                       ;00000000;00000;000000;       ;                                                       ;00000000;00000;000000;       ;                                                       ;00000000;00000;000000;       ;                                                       ;00000000;00000;000000
08;05;9;044;99;Cabezas del Villar                                ;99;99;00001;00000249;00000249;10000;00000185;07430;00000064;02570;00000000;00000;00000007;00378;000007;1003441;PP                                                     ;00000127;07135;000005;1030889;P.S.O.E.                                               ;00000051;02865;000002;       ;                                                       ;00000000;00000;000000;       ;                                                       ;00000000;00000;000000;       ;                                                       ;00000000;00000;000000;       ;                                                       ;00000000;00000;000000;       ;                                                       ;00000000;00000;000000;       ;                                                       ;00000000;00000;000000;       ;                                                       ;00000000;00000;000000;       ;                                                       ;00000000;00000;000000;       ;                                                       ;00000000;00000;000000;       ;                                                       ;00000000;00000;000000;       ;                                                       ;00000000;00000;000000;       ;                                                       ;00000000;00000;000000;       ;                                                       ;00000000;00000;000000;       ;                                                       ;00000000;00000;000000;       ;                                                       ;00000000;00000;000000;       ;                                                       ;00000000;00000;000000;       ;                                                       ;00000000;00000;000000;       ;                                                       ;00000000;00000;000000;       ;                                                       ;00000000;00000;000000;       ;                                                       ;00000000;00000;000000;       ;                                                       ;00000000;00000;000000;       ;                                                       ;00000000;00000;000000;       ;                                                       ;00000000;00000;000000;       ;                                                       ;00000000;00000;000000;       ;                                                       ;00000000;00000;000000;       ;                                                       ;00000000;00000;000000;       ;                                                       ;00000000;00000;000000;       ;                                                       ;00000000;00000;000000;       ;                                                       ;00000000;00000;000000;       ;                                                       ;00000000;00000;000000;       ;                                                       ;00000000;00000;000000;       ;                                                       ;00000000;00000;000000;       ;                                                       ;00000000;00000;000000;       ;                                                       ;00000000;00000;000000;       ;                                                       ;00000000;00000;000000;       ;                                                       ;00000000;00000;000000;       ;                                                       ;00000000;00000;000000;       ;                                                       ;00000000;00000;000000;       ;                                                       ;00000000;00000;000000;       ;                                                       ;00000000;00000;000000;       ;                                                       ;00000000;00000;000000;       ;                                                       ;00000000;00000;000000;       ;                                                       ;00000000;00000;000000;       ;                                                       ;00000000;00000;000000;       ;                                                       ;00000000;00000;000000;       ;                                                       ;00000000;00000;000000;       ;                                                       ;00000000;00000;000000;       ;                                                       ;00000000;00000;000000
08;05;9;045;99;Cabizuela                                         ;99;99;00001;00000082;00000082;10000;00000076;09268;00000006;00732;00000001;00137;00000003;00395;000003;1003441;PP                                                     ;00000037;05068;000002;1002827;CIC                                                    ;00000036;04932;000001;1030889;P.S.O.E.                                               ;00000000;00000;000000;       ;                                                       ;00000000;00000;000000;       ;                                                       ;00000000;00000;000000;       ;                                                       ;00000000;00000;000000;       ;                                                       ;00000000;00000;000000;       ;                                                       ;00000000;00000;000000;       ;                                                       ;00000000;00000;000000;       ;                                                       ;00000000;00000;000000;       ;                                                       ;00000000;00000;000000;       ;                                                       ;00000000;00000;000000;       ;                                                       ;00000000;00000;000000;       ;                                                       ;00000000;00000;000000;       ;                                                       ;00000000;00000;000000;       ;                                                       ;00000000;00000;000000;       ;                                                       ;00000000;00000;000000;       ;                                                       ;00000000;00000;000000;       ;                                                       ;00000000;00000;000000;       ;                                                       ;00000000;00000;000000;       ;                                                       ;00000000;00000;000000;       ;                                                       ;00000000;00000;000000;       ;                                                       ;00000000;00000;000000;       ;                                                       ;00000000;00000;000000;       ;                                                       ;00000000;00000;000000;       ;                                                       ;00000000;00000;000000;       ;                                                       ;00000000;00000;000000;       ;                                                       ;00000000;00000;000000;       ;                                                       ;00000000;00000;000000;       ;                                                       ;00000000;00000;000000;       ;                                                       ;00000000;00000;000000;       ;                                                       ;00000000;00000;000000;       ;                                                       ;00000000;00000;000000;       ;                                                       ;00000000;00000;000000;       ;                                                       ;00000000;00000;000000;       ;                                                       ;00000000;00000;000000;       ;                                                       ;00000000;00000;000000;       ;                                                       ;00000000;00000;000000;       ;                                                       ;00000000;00000;000000;       ;                                                       ;00000000;00000;000000;       ;                                                       ;00000000;00000;000000;       ;                                                       ;00000000;00000;000000;       ;                                                       ;00000000;00000;000000;       ;                                                       ;00000000;00000;000000;       ;                                                       ;00000000;00000;000000;       ;                                                       ;00000000;00000;000000;       ;                                                       ;00000000;00000;000000;       ;                                                       ;00000000;00000;000000;       ;                                                       ;00000000;00000;000000;       ;                                                       ;00000000;00000;000000
08;05;9;046;99;Canales                                           ;99;99;00001;00000039;00000039;10000;00000036;09231;00000003;00769;00000003;00938;00000004;01111;000003;1003441;PP                                                     ;00000023;07188;000003;1030889;P.S.O.E.                                               ;00000001;00313;000000;       ;                                                       ;00000000;00000;000000;       ;                                                       ;00000000;00000;000000;       ;                                                       ;00000000;00000;000000;       ;                                                       ;00000000;00000;000000;       ;                                                       ;00000000;00000;000000;       ;                                                       ;00000000;00000;000000;       ;                                                       ;00000000;00000;000000;       ;                                                       ;00000000;00000;000000;       ;                                                       ;00000000;00000;000000;       ;                                                       ;00000000;00000;000000;       ;                                                       ;00000000;00000;000000;       ;                                                       ;00000000;00000;000000;       ;                                                       ;00000000;00000;000000;       ;                                                       ;00000000;00000;000000;       ;                                                       ;00000000;00000;000000;       ;                                                       ;00000000;00000;000000;       ;                                                       ;00000000;00000;000000;       ;                                                       ;00000000;00000;000000;       ;                                                       ;00000000;00000;000000;       ;                                                       ;00000000;00000;000000;       ;                                                       ;00000000;00000;000000;       ;                                                       ;00000000;00000;000000;       ;                                                       ;00000000;00000;000000;       ;                                                       ;00000000;00000;000000;       ;                                                       ;00000000;00000;000000;       ;                                                       ;00000000;00000;000000;       ;                                                       ;00000000;00000;000000;       ;                                                       ;00000000;00000;000000;       ;                                                       ;00000000;00000;000000;       ;                                                       ;00000000;00000;000000;       ;                                                       ;00000000;00000;000000;       ;                                                       ;00000000;00000;000000;       ;                                                       ;00000000;00000;000000;       ;                                                       ;00000000;00000;000000;       ;                                                       ;00000000;00000;000000;       ;                                                       ;00000000;00000;000000;       ;                                                       ;00000000;00000;000000;       ;                                                       ;00000000;00000;000000;       ;                                                       ;00000000;00000;000000;       ;                                                       ;00000000;00000;000000;       ;                                                       ;00000000;00000;000000;       ;                                                       ;00000000;00000;000000;       ;                                                       ;00000000;00000;000000;       ;                                                       ;00000000;00000;000000;       ;                                                       ;00000000;00000;000000;       ;                                                       ;00000000;00000;000000;       ;                                                       ;00000000;00000;000000;       ;                                                       ;00000000;00000;000000
08;05;9;047;99;Candeleda                                         ;99;99;00008;00004144;00004144;10000;00003423;08260;00000721;01740;00000035;00104;00000042;00123;000011;1030889;P.S.O.E.                                               ;00002077;06143;000008;1003441;PP                                                     ;00000760;02248;000002;1030928;AECyR+                                                 ;00000303;00896;000001;9689014;Cs                                                     ;00000117;00346;000000;1026165;VOX                                                    ;00000089;00263;000000;       ;                                                       ;00000000;00000;000000;       ;                                                       ;00000000;00000;000000;       ;                                                       ;00000000;00000;000000;       ;                                                       ;00000000;00000;000000;       ;                                                       ;00000000;00000;000000;       ;                                                       ;00000000;00000;000000;       ;                                                       ;00000000;00000;000000;       ;                                                       ;00000000;00000;000000;       ;                                                       ;00000000;00000;000000;       ;                                                       ;00000000;00000;000000;       ;                                                       ;00000000;00000;000000;       ;                                                       ;00000000;00000;000000;       ;                                                       ;00000000;00000;000000;       ;                                                       ;00000000;00000;000000;       ;                                                       ;00000000;00000;000000;       ;                                                       ;00000000;00000;000000;       ;                                                       ;00000000;00000;000000;       ;                                                       ;00000000;00000;000000;       ;                                                       ;00000000;00000;000000;       ;                                                       ;00000000;00000;000000;       ;                                                       ;00000000;00000;000000;       ;                                                       ;00000000;00000;000000;       ;                                                       ;00000000;00000;000000;       ;                                                       ;00000000;00000;000000;       ;                                                       ;00000000;00000;000000;       ;                                                       ;00000000;00000;000000;       ;                                                       ;00000000;00000;000000;       ;                                                       ;00000000;00000;000000;       ;                                                       ;00000000;00000;000000;       ;                                                       ;00000000;00000;000000;       ;                                                       ;00000000;00000;000000;       ;                                                       ;00000000;00000;000000;       ;                                                       ;00000000;00000;000000;       ;                                                       ;00000000;00000;000000;       ;                                                       ;00000000;00000;000000;       ;                                                       ;00000000;00000;000000;       ;                                                       ;00000000;00000;000000;       ;                                                       ;00000000;00000;000000;       ;                                                       ;00000000;00000;000000;       ;                                                       ;00000000;00000;000000;       ;                                                       ;00000000;00000;000000;       ;                                                       ;00000000;00000;000000;       ;                                                       ;00000000;00000;000000;       ;                                                       ;00000000;00000;000000;       ;                                                       ;00000000;00000;000000
08;05;9;048;99;Cantiveros                                        ;99;99;00001;00000103;00000103;10000;00000098;09515;00000005;00485;00000000;00000;00000001;00102;000005;1003441;PP                                                     ;00000051;05258;000004;1030889;P.S.O.E.                                               ;00000039;04021;000001;       ;                                                       ;00000000;00000;000000;       ;                                                       ;00000000;00000;000000;       ;                                                       ;00000000;00000;000000;       ;                                                       ;00000000;00000;000000;       ;                                                       ;00000000;00000;000000;       ;                                                       ;00000000;00000;000000;       ;                                                       ;00000000;00000;000000;       ;                                                       ;00000000;00000;000000;       ;                                                       ;00000000;00000;000000;       ;                                                       ;00000000;00000;000000;       ;                                                       ;00000000;00000;000000;       ;                                                       ;00000000;00000;000000;       ;                                                       ;00000000;00000;000000;       ;                                                       ;00000000;00000;000000;       ;                                                       ;00000000;00000;000000;       ;                                                       ;00000000;00000;000000;       ;                                                       ;00000000;00000;000000;       ;                                                       ;00000000;00000;000000;       ;                                                       ;00000000;00000;000000;       ;                                                       ;00000000;00000;000000;       ;                                                       ;00000000;00000;000000;       ;                                                       ;00000000;00000;000000;       ;                                                       ;00000000;00000;000000;       ;                                                       ;00000000;00000;000000;       ;                                                       ;00000000;00000;000000;       ;                                                       ;00000000;00000;000000;       ;                                                       ;00000000;00000;000000;       ;                                                       ;00000000;00000;000000;       ;                                                       ;00000000;00000;000000;       ;                                                       ;00000000;00000;000000;       ;                                                       ;00000000;00000;000000;       ;                                                       ;00000000;00000;000000;       ;                                                       ;00000000;00000;000000;       ;                                                       ;00000000;00000;000000;       ;                                                       ;00000000;00000;000000;       ;                                                       ;00000000;00000;000000;       ;                                                       ;00000000;00000;000000;       ;                                                       ;00000000;00000;000000;       ;                                                       ;00000000;00000;000000;       ;                                                       ;00000000;00000;000000;       ;                                                       ;00000000;00000;000000;       ;                                                       ;00000000;00000;000000;       ;                                                       ;00000000;00000;000000;       ;                                                       ;00000000;00000;000000;       ;                                                       ;00000000;00000;000000;       ;                                                       ;00000000;00000;000000;       ;                                                       ;00000000;00000;000000;       ;                                                       ;00000000;00000;000000
08;05;9;049;99;Cardeñosa                                         ;99;99;00001;00000410;00000410;10000;00000342;08341;00000068;01659;00000005;00147;00000001;00029;000007;1030889;P.S.O.E.                                               ;00000171;05015;000004;1003441;PP                                                     ;00000153;04487;000003;9689014;Cs                                                     ;00000012;00352;000000;       ;                                                       ;00000000;00000;000000;       ;                                                       ;00000000;00000;000000;       ;                                                       ;00000000;00000;000000;       ;                                                       ;00000000;00000;000000;       ;                                                       ;00000000;00000;000000;       ;                                                       ;00000000;00000;000000;       ;                                                       ;00000000;00000;000000;       ;                                                       ;00000000;00000;000000;       ;                                                       ;00000000;00000;000000;       ;                                                       ;00000000;00000;000000;       ;                                                       ;00000000;00000;000000;       ;                                                       ;00000000;00000;000000;       ;                                                       ;00000000;00000;000000;       ;                                                       ;00000000;00000;000000;       ;                                                       ;00000000;00000;000000;       ;                                                       ;00000000;00000;000000;       ;                                                       ;00000000;00000;000000;       ;                                                       ;00000000;00000;000000;       ;                                                       ;00000000;00000;000000;       ;                                                       ;00000000;00000;000000;       ;                                                       ;00000000;00000;000000;       ;                                                       ;00000000;00000;000000;       ;                                                       ;00000000;00000;000000;       ;                                                       ;00000000;00000;000000;       ;                                                       ;00000000;00000;000000;       ;                                                       ;00000000;00000;000000;       ;                                                       ;00000000;00000;000000;       ;                                                       ;00000000;00000;000000;       ;                                                       ;00000000;00000;000000;       ;                                                       ;00000000;00000;000000;       ;                                                       ;00000000;00000;000000;       ;                                                       ;00000000;00000;000000;       ;                                                       ;00000000;00000;000000;       ;                                                       ;00000000;00000;000000;       ;                                                       ;00000000;00000;000000;       ;                                                       ;00000000;00000;000000;       ;                                                       ;00000000;00000;000000;       ;                                                       ;00000000;00000;000000;       ;                                                       ;00000000;00000;000000;       ;                                                       ;00000000;00000;000000;       ;                                                       ;00000000;00000;000000;       ;                                                       ;00000000;00000;000000;       ;                                                       ;00000000;00000;000000;       ;                                                       ;00000000;00000;000000;       ;                                                       ;00000000;00000;000000;       ;                                                       ;00000000;00000;000000;       ;                                                       ;00000000;00000;000000
08;05;9;051;99;Carrera, La                                       ;99;99;00001;00000160;00000160;10000;00000132;08250;00000028;01750;00000003;00238;00000006;00455;000005;1003441;PP                                                     ;00000065;05159;000004;1022852;XAV                                                    ;00000045;03571;000001;1030889;P.S.O.E.                                               ;00000012;00952;000000;       ;                                                       ;00000000;00000;000000;       ;                                                       ;00000000;00000;000000;       ;                                                       ;00000000;00000;000000;       ;                                                       ;00000000;00000;000000;       ;                                                       ;00000000;00000;000000;       ;                                                       ;00000000;00000;000000;       ;                                                       ;00000000;00000;000000;       ;                                                       ;00000000;00000;000000;       ;                                                       ;00000000;00000;000000;       ;                                                       ;00000000;00000;000000;       ;                                                       ;00000000;00000;000000;       ;                                                       ;00000000;00000;000000;       ;                                                       ;00000000;00000;000000;       ;                                                       ;00000000;00000;000000;       ;                                                       ;00000000;00000;000000;       ;                                                       ;00000000;00000;000000;       ;                                                       ;00000000;00000;000000;       ;                                                       ;00000000;00000;000000;       ;                                                       ;00000000;00000;000000;       ;                                                       ;00000000;00000;000000;       ;                                                       ;00000000;00000;000000;       ;                                                       ;00000000;00000;000000;       ;                                                       ;00000000;00000;000000;       ;                                                       ;00000000;00000;000000;       ;                                                       ;00000000;00000;000000;       ;                                                       ;00000000;00000;000000;       ;                                                       ;00000000;00000;000000;       ;                                                       ;00000000;00000;000000;       ;                                                       ;00000000;00000;000000;       ;                                                       ;00000000;00000;000000;       ;                                                       ;00000000;00000;000000;       ;                                                       ;00000000;00000;000000;       ;                                                       ;00000000;00000;000000;       ;                                                       ;00000000;00000;000000;       ;                                                       ;00000000;00000;000000;       ;                                                       ;00000000;00000;000000;       ;                                                       ;00000000;00000;000000;       ;                                                       ;00000000;00000;000000;       ;                                                       ;00000000;00000;000000;       ;                                                       ;00000000;00000;000000;       ;                                                       ;00000000;00000;000000;       ;                                                       ;00000000;00000;000000;       ;                                                       ;00000000;00000;000000;       ;                                                       ;00000000;00000;000000;       ;                                                       ;00000000;00000;000000;       ;                                                       ;00000000;00000;000000;       ;                                                       ;00000000;00000;000000
08;05;9;052;99;Casas del Puerto                                  ;99;99;00001;00000089;00000089;10000;00000080;08989;00000009;01011;00000000;00000;00000002;00250;000003;1003441;PP                                                     ;00000058;07436;000003;1022852;XAV                                                    ;00000025;03205;000000;1030889;P.S.O.E.                                               ;00000004;00513;000000;       ;                                                       ;00000000;00000;000000;       ;                                                       ;00000000;00000;000000;       ;                                                       ;00000000;00000;000000;       ;                                                       ;00000000;00000;000000;       ;                                                       ;00000000;00000;000000;       ;                                                       ;00000000;00000;000000;       ;                                                       ;00000000;00000;000000;       ;                                                       ;00000000;00000;000000;       ;                                                       ;00000000;00000;000000;       ;                                                       ;00000000;00000;000000;       ;                                                       ;00000000;00000;000000;       ;                                                       ;00000000;00000;000000;       ;                                                       ;00000000;00000;000000;       ;                                                       ;00000000;00000;000000;       ;                                                       ;00000000;00000;000000;       ;                                                       ;00000000;00000;000000;       ;                                                       ;00000000;00000;000000;       ;                                                       ;00000000;00000;000000;       ;                                                       ;00000000;00000;000000;       ;                                                       ;00000000;00000;000000;       ;                                                       ;00000000;00000;000000;       ;                                                       ;00000000;00000;000000;       ;                                                       ;00000000;00000;000000;       ;                                                       ;00000000;00000;000000;       ;                                                       ;00000000;00000;000000;       ;                                                       ;00000000;00000;000000;       ;                                                       ;00000000;00000;000000;       ;                                                       ;00000000;00000;000000;       ;                                                       ;00000000;00000;000000;       ;                                                       ;00000000;00000;000000;       ;                                                       ;00000000;00000;000000;       ;                                                       ;00000000;00000;000000;       ;                                                       ;00000000;00000;000000;       ;                                                       ;00000000;00000;000000;       ;                                                       ;00000000;00000;000000;       ;                                                       ;00000000;00000;000000;       ;                                                       ;00000000;00000;000000;       ;                                                       ;00000000;00000;000000;       ;                                                       ;00000000;00000;000000;       ;                                                       ;00000000;00000;000000;       ;                                                       ;00000000;00000;000000;       ;                                                       ;00000000;00000;000000;       ;                                                       ;00000000;00000;000000;       ;                                                       ;00000000;00000;000000;       ;                                                       ;00000000;00000;000000;       ;                                                       ;00000000;00000;000000;       ;                                                       ;00000000;00000;000000
08;05;9;053;99;Casasola                                          ;99;99;00001;00000079;00000079;10000;00000063;07975;00000016;02025;00000000;00000;00000001;00159;000003;1003441;PP                                                     ;00000037;05968;000002;1022852;XAV                                                    ;00000022;03548;000001;1030889;P.S.O.E.                                               ;00000001;00161;000000;       ;                                                       ;00000000;00000;000000;       ;                                                       ;00000000;00000;000000;       ;                                                       ;00000000;00000;000000;       ;                                                       ;00000000;00000;000000;       ;                                                       ;00000000;00000;000000;       ;                                                       ;00000000;00000;000000;       ;                                                       ;00000000;00000;000000;       ;                                                       ;00000000;00000;000000;       ;                                                       ;00000000;00000;000000;       ;                                                       ;00000000;00000;000000;       ;                                                       ;00000000;00000;000000;       ;                                                       ;00000000;00000;000000;       ;                                                       ;00000000;00000;000000;       ;                                                       ;00000000;00000;000000;       ;                                                       ;00000000;00000;000000;       ;                                                       ;00000000;00000;000000;       ;                                                       ;00000000;00000;000000;       ;                                                       ;00000000;00000;000000;       ;                                                       ;00000000;00000;000000;       ;                                                       ;00000000;00000;000000;       ;                                                       ;00000000;00000;000000;       ;                                                       ;00000000;00000;000000;       ;                                                       ;00000000;00000;000000;       ;                                                       ;00000000;00000;000000;       ;                                                       ;00000000;00000;000000;       ;                                                       ;00000000;00000;000000;       ;                                                       ;00000000;00000;000000;       ;                                                       ;00000000;00000;000000;       ;                                                       ;00000000;00000;000000;       ;                                                       ;00000000;00000;000000;       ;                                                       ;00000000;00000;000000;       ;                                                       ;00000000;00000;000000;       ;                                                       ;00000000;00000;000000;       ;                                                       ;00000000;00000;000000;       ;                                                       ;00000000;00000;000000;       ;                                                       ;00000000;00000;000000;       ;                                                       ;00000000;00000;000000;       ;                                                       ;00000000;00000;000000;       ;                                                       ;00000000;00000;000000;       ;                                                       ;00000000;00000;000000;       ;                                                       ;00000000;00000;000000;       ;                                                       ;00000000;00000;000000;       ;                                                       ;00000000;00000;000000;       ;                                                       ;00000000;00000;000000;       ;                                                       ;00000000;00000;000000;       ;                                                       ;00000000;00000;000000;       ;                                                       ;00000000;00000;000000
08;05;9;054;99;Casavieja                                         ;99;99;00002;00001203;00001203;10000;00000950;07897;00000253;02103;00000017;00186;00000038;00400;000009;1030889;P.S.O.E.                                               ;00000413;04529;000005;1003441;PP                                                     ;00000409;04485;000004;1026013;PODEMOS                                                ;00000073;00800;000000;       ;                                                       ;00000000;00000;000000;       ;                                                       ;00000000;00000;000000;       ;                                                       ;00000000;00000;000000;       ;                                                       ;00000000;00000;000000;       ;                                                       ;00000000;00000;000000;       ;                                                       ;00000000;00000;000000;       ;                                                       ;00000000;00000;000000;       ;                                                       ;00000000;00000;000000;       ;                                                       ;00000000;00000;000000;       ;                                                       ;00000000;00000;000000;       ;                                                       ;00000000;00000;000000;       ;                                                       ;00000000;00000;000000;       ;                                                       ;00000000;00000;000000;       ;                                                       ;00000000;00000;000000;       ;                                                       ;00000000;00000;000000;       ;                                                       ;00000000;00000;000000;       ;                                                       ;00000000;00000;000000;       ;                                                       ;00000000;00000;000000;       ;                                                       ;00000000;00000;000000;       ;                                                       ;00000000;00000;000000;       ;                                                       ;00000000;00000;000000;       ;                                                       ;00000000;00000;000000;       ;                                                       ;00000000;00000;000000;       ;                                                       ;00000000;00000;000000;       ;                                                       ;00000000;00000;000000;       ;                                                       ;00000000;00000;000000;       ;                                                       ;00000000;00000;000000;       ;                                                       ;00000000;00000;000000;       ;                                                       ;00000000;00000;000000;       ;                                                       ;00000000;00000;000000;       ;                                                       ;00000000;00000;000000;       ;                                                       ;00000000;00000;000000;       ;                                                       ;00000000;00000;000000;       ;                                                       ;00000000;00000;000000;       ;                                                       ;00000000;00000;000000;       ;                                                       ;00000000;00000;000000;       ;                                                       ;00000000;00000;000000;       ;                                                       ;00000000;00000;000000;       ;                                                       ;00000000;00000;000000;       ;                                                       ;00000000;00000;000000;       ;                                                       ;00000000;00000;000000;       ;                                                       ;00000000;00000;000000;       ;                                                       ;00000000;00000;000000;       ;                                                       ;00000000;00000;000000;       ;                                                       ;00000000;00000;000000;       ;                                                       ;00000000;00000;000000;       ;                                                       ;00000000;00000;000000
08;05;9;055;99;Casillas                                          ;99;99;00001;00000547;00000547;10000;00000499;09122;00000048;00878;00000002;00041;00000016;00321;000007;1003441;PP                                                     ;00000269;05569;000004;1030889;P.S.O.E.                                               ;00000212;04389;000003;       ;                                                       ;00000000;00000;000000;       ;                                                       ;00000000;00000;000000;       ;                                                       ;00000000;00000;000000;       ;                                                       ;00000000;00000;000000;       ;                                                       ;00000000;00000;000000;       ;                                                       ;00000000;00000;000000;       ;                                                       ;00000000;00000;000000;       ;                                                       ;00000000;00000;000000;       ;                                                       ;00000000;00000;000000;       ;                                                       ;00000000;00000;000000;       ;                                                       ;00000000;00000;000000;       ;                                                       ;00000000;00000;000000;       ;                                                       ;00000000;00000;000000;       ;                                                       ;00000000;00000;000000;       ;                                                       ;00000000;00000;000000;       ;                                                       ;00000000;00000;000000;       ;                                                       ;00000000;00000;000000;       ;                                                       ;00000000;00000;000000;       ;                                                       ;00000000;00000;000000;       ;                                                       ;00000000;00000;000000;       ;                                                       ;00000000;00000;000000;       ;                                                       ;00000000;00000;000000;       ;                                                       ;00000000;00000;000000;       ;                                                       ;00000000;00000;000000;       ;                                                       ;00000000;00000;000000;       ;                                                       ;00000000;00000;000000;       ;                                                       ;00000000;00000;000000;       ;                                                       ;00000000;00000;000000;       ;                                                       ;00000000;00000;000000;       ;                                                       ;00000000;00000;000000;       ;                                                       ;00000000;00000;000000;       ;                                                       ;00000000;00000;000000;       ;                                                       ;00000000;00000;000000;       ;                                                       ;00000000;00000;000000;       ;                                                       ;00000000;00000;000000;       ;                                                       ;00000000;00000;000000;       ;                                                       ;00000000;00000;000000;       ;                                                       ;00000000;00000;000000;       ;                                                       ;00000000;00000;000000;       ;                                                       ;00000000;00000;000000;       ;                                                       ;00000000;00000;000000;       ;                                                       ;00000000;00000;000000;       ;                                                       ;00000000;00000;000000;       ;                                                       ;00000000;00000;000000;       ;                                                       ;00000000;00000;000000;       ;                                                       ;00000000;00000;000000;       ;                                                       ;00000000;00000;000000;       ;                                                       ;00000000;00000;000000
08;05;9;056;99;Castellanos de Zapardiel                          ;99;99;00001;00000093;00000093;10000;00000087;09355;00000006;00645;00000003;00349;00000001;00115;000003;1003441;PP                                                     ;00000056;06512;000002;1030889;P.S.O.E.                                               ;00000024;02791;000001;       ;                                                       ;00000000;00000;000000;       ;                                                       ;00000000;00000;000000;       ;                                                       ;00000000;00000;000000;       ;                                                       ;00000000;00000;000000;       ;                                                       ;00000000;00000;000000;       ;                                                       ;00000000;00000;000000;       ;                                                       ;00000000;00000;000000;       ;                                                       ;00000000;00000;000000;       ;                                                       ;00000000;00000;000000;       ;                                                       ;00000000;00000;000000;       ;                                                       ;00000000;00000;000000;       ;                                                       ;00000000;00000;000000;       ;                                                       ;00000000;00000;000000;       ;                                                       ;00000000;00000;000000;       ;                                                       ;00000000;00000;000000;       ;                                                       ;00000000;00000;000000;       ;                                                       ;00000000;00000;000000;       ;                                                       ;00000000;00000;000000;       ;                                                       ;00000000;00000;000000;       ;                                                       ;00000000;00000;000000;       ;                                                       ;00000000;00000;000000;       ;                                                       ;00000000;00000;000000;       ;                                                       ;00000000;00000;000000;       ;                                                       ;00000000;00000;000000;       ;                                                       ;00000000;00000;000000;       ;                                                       ;00000000;00000;000000;       ;                                                       ;00000000;00000;000000;       ;                                                       ;00000000;00000;000000;       ;                                                       ;00000000;00000;000000;       ;                                                       ;00000000;00000;000000;       ;                                                       ;00000000;00000;000000;       ;                                                       ;00000000;00000;000000;       ;                                                       ;00000000;00000;000000;       ;                                                       ;00000000;00000;000000;       ;                                                       ;00000000;00000;000000;       ;                                                       ;00000000;00000;000000;       ;                                                       ;00000000;00000;000000;       ;                                                       ;00000000;00000;000000;       ;                                                       ;00000000;00000;000000;       ;                                                       ;00000000;00000;000000;       ;                                                       ;00000000;00000;000000;       ;                                                       ;00000000;00000;000000;       ;                                                       ;00000000;00000;000000;       ;                                                       ;00000000;00000;000000;       ;                                                       ;00000000;00000;000000;       ;                                                       ;00000000;00000;000000;       ;                                                       ;00000000;00000;000000;       ;                                                       ;00000000;00000;000000
08;05;9;057;99;Cebreros                                          ;99;99;00004;00002438;00002438;10000;00001968;08072;00000470;01928;00000038;00200;00000064;00325;000011;1030889;P.S.O.E.                                               ;00001215;06381;000007;1003441;PP                                                     ;00000651;03419;000004;       ;                                                       ;00000000;00000;000000;       ;                                                       ;00000000;00000;000000;       ;                                                       ;00000000;00000;000000;       ;                                                       ;00000000;00000;000000;       ;                                                       ;00000000;00000;000000;       ;                                                       ;00000000;00000;000000;       ;                                                       ;00000000;00000;000000;       ;                                                       ;00000000;00000;000000;       ;                                                       ;00000000;00000;000000;       ;                                                       ;00000000;00000;000000;       ;                                                       ;00000000;00000;000000;       ;                                                       ;00000000;00000;000000;       ;                                                       ;00000000;00000;000000;       ;                                                       ;00000000;00000;000000;       ;                                                       ;00000000;00000;000000;       ;                                                       ;00000000;00000;000000;       ;                                                       ;00000000;00000;000000;       ;                                                       ;00000000;00000;000000;       ;                                                       ;00000000;00000;000000;       ;                                                       ;00000000;00000;000000;       ;                                                       ;00000000;00000;000000;       ;                                                       ;00000000;00000;000000;       ;                                                       ;00000000;00000;000000;       ;                                                       ;00000000;00000;000000;       ;                                                       ;00000000;00000;000000;       ;                                                       ;00000000;00000;000000;       ;                                                       ;00000000;00000;000000;       ;                                                       ;00000000;00000;000000;       ;                                                       ;00000000;00000;000000;       ;                                                       ;00000000;00000;000000;       ;                                                       ;00000000;00000;000000;       ;                                                       ;00000000;00000;000000;       ;                                                       ;00000000;00000;000000;       ;                                                       ;00000000;00000;000000;       ;                                                       ;00000000;00000;000000;       ;                                                       ;00000000;00000;000000;       ;                                                       ;00000000;00000;000000;       ;                                                       ;00000000;00000;000000;       ;                                                       ;00000000;00000;000000;       ;                                                       ;00000000;00000;000000;       ;                                                       ;00000000;00000;000000;       ;                                                       ;00000000;00000;000000;       ;                                                       ;00000000;00000;000000;       ;                                                       ;00000000;00000;000000;       ;                                                       ;00000000;00000;000000;       ;                                                       ;00000000;00000;000000;       ;                                                       ;00000000;00000;000000;       ;                                                       ;00000000;00000;000000
08;05;9;058;99;Cepeda la Mora                                    ;99;99;00001;00000073;00000073;10000;00000061;08356;00000012;01644;00000000;00000;00000002;00328;000003;1003441;PP                                                     ;00000035;05932;000002;1030889;P.S.O.E.                                               ;00000018;03051;000001;1032691;IU-EQUO                                                ;00000008;01356;000000;9689014;Cs                                                     ;00000003;00508;000000;       ;                                                       ;00000000;00000;000000;       ;                                                       ;00000000;00000;000000;       ;                                                       ;00000000;00000;000000;       ;                                                       ;00000000;00000;000000;       ;                                                       ;00000000;00000;000000;       ;                                                       ;00000000;00000;000000;       ;                                                       ;00000000;00000;000000;       ;                                                       ;00000000;00000;000000;       ;                                                       ;00000000;00000;000000;       ;                                                       ;00000000;00000;000000;       ;                                                       ;00000000;00000;000000;       ;                                                       ;00000000;00000;000000;       ;                                                       ;00000000;00000;000000;       ;                                                       ;00000000;00000;000000;       ;                                                       ;00000000;00000;000000;       ;                                                       ;00000000;00000;000000;       ;                                                       ;00000000;00000;000000;       ;                                                       ;00000000;00000;000000;       ;                                                       ;00000000;00000;000000;       ;                                                       ;00000000;00000;000000;       ;                                                       ;00000000;00000;000000;       ;                                                       ;00000000;00000;000000;       ;                                                       ;00000000;00000;000000;       ;                                                       ;00000000;00000;000000;       ;                                                       ;00000000;00000;000000;       ;                                                       ;00000000;00000;000000;       ;                                                       ;00000000;00000;000000;       ;                                                       ;00000000;00000;000000;       ;                                                       ;00000000;00000;000000;       ;                                                       ;00000000;00000;000000;       ;                                                       ;00000000;00000;000000;       ;                                                       ;00000000;00000;000000;       ;                                                       ;00000000;00000;000000;       ;                                                       ;00000000;00000;000000;       ;                                                       ;00000000;00000;000000;       ;                                                       ;00000000;00000;000000;       ;                                                       ;00000000;00000;000000;       ;                                                       ;00000000;00000;000000;       ;                                                       ;00000000;00000;000000;       ;                                                       ;00000000;00000;000000;       ;                                                       ;00000000;00000;000000;       ;                                                       ;00000000;00000;000000;       ;                                                       ;00000000;00000;000000;       ;                                                       ;00000000;00000;000000;       ;                                                       ;00000000;00000;000000;       ;                                                       ;00000000;00000;000000
08;05;9;067;99;Chamartín                                         ;99;99;00001;00000074;00000074;10000;00000061;08243;00000013;01757;00000000;00000;00000002;00328;000003;1022852;XAV                                                    ;00000029;04915;000002;1003441;PP                                                     ;00000024;04068;000001;1030889;P.S.O.E.                                               ;00000015;02542;000000;       ;                                                       ;00000000;00000;000000;       ;                                                       ;00000000;00000;000000;       ;                                                       ;00000000;00000;000000;       ;                                                       ;00000000;00000;000000;       ;                                                       ;00000000;00000;000000;       ;                                                       ;00000000;00000;000000;       ;                                                       ;00000000;00000;000000;       ;                                                       ;00000000;00000;000000;       ;                                                       ;00000000;00000;000000;       ;                                                       ;00000000;00000;000000;       ;                                                       ;00000000;00000;000000;       ;                                                       ;00000000;00000;000000;       ;                                                       ;00000000;00000;000000;       ;                                                       ;00000000;00000;000000;       ;                                                       ;00000000;00000;000000;       ;                                                       ;00000000;00000;000000;       ;                                                       ;00000000;00000;000000;       ;                                                       ;00000000;00000;000000;       ;                                                       ;00000000;00000;000000;       ;                                                       ;00000000;00000;000000;       ;                                                       ;00000000;00000;000000;       ;                                                       ;00000000;00000;000000;       ;                                                       ;00000000;00000;000000;       ;                                                       ;00000000;00000;000000;       ;                                                       ;00000000;00000;000000;       ;                                                       ;00000000;00000;000000;       ;                                                       ;00000000;00000;000000;       ;                                                       ;00000000;00000;000000;       ;                                                       ;00000000;00000;000000;       ;                                                       ;00000000;00000;000000;       ;                                                       ;00000000;00000;000000;       ;                                                       ;00000000;00000;000000;       ;                                                       ;00000000;00000;000000;       ;                                                       ;00000000;00000;000000;       ;                                                       ;00000000;00000;000000;       ;                                                       ;00000000;00000;000000;       ;                                                       ;00000000;00000;000000;       ;                                                       ;00000000;00000;000000;       ;                                                       ;00000000;00000;000000;       ;                                                       ;00000000;00000;000000;       ;                                                       ;00000000;00000;000000;       ;                                                       ;00000000;00000;000000;       ;                                                       ;00000000;00000;000000;       ;                                                       ;00000000;00000;000000;       ;                                                       ;00000000;00000;000000;       ;                                                       ;00000000;00000;000000;       ;                                                       ;00000000;00000;000000
08;05;9;059;99;Cillán                                            ;99;99;00001;00000093;00000093;10000;00000071;07634;00000022;02366;00000001;00147;00000003;00423;000003;1021736;TC                                                     ;00000051;07500;000003;1003441;PP                                                     ;00000013;01912;000000;1022852;XAV                                                    ;00000003;00441;000000;1030889;P.S.O.E.                                               ;00000001;00147;000000;       ;                                                       ;00000000;00000;000000;       ;                                                       ;00000000;00000;000000;       ;                                                       ;00000000;00000;000000;       ;                                                       ;00000000;00000;000000;       ;                                                       ;00000000;00000;000000;       ;                                                       ;00000000;00000;000000;       ;                                                       ;00000000;00000;000000;       ;                                                       ;00000000;00000;000000;       ;                                                       ;00000000;00000;000000;       ;                                                       ;00000000;00000;000000;       ;                                                       ;00000000;00000;000000;       ;                                                       ;00000000;00000;000000;       ;                                                       ;00000000;00000;000000;       ;                                                       ;00000000;00000;000000;       ;                                                       ;00000000;00000;000000;       ;                                                       ;00000000;00000;000000;       ;                                                       ;00000000;00000;000000;       ;                                                       ;00000000;00000;000000;       ;                                                       ;00000000;00000;000000;       ;                                                       ;00000000;00000;000000;       ;                                                       ;00000000;00000;000000;       ;                                                       ;00000000;00000;000000;       ;                                                       ;00000000;00000;000000;       ;                                                       ;00000000;00000;000000;       ;                                                       ;00000000;00000;000000;       ;                                                       ;00000000;00000;000000;       ;                                                       ;00000000;00000;000000;       ;                                                       ;00000000;00000;000000;       ;                                                       ;00000000;00000;000000;       ;                                                       ;00000000;00000;000000;       ;                                                       ;00000000;00000;000000;       ;                                                       ;00000000;00000;000000;       ;                                                       ;00000000;00000;000000;       ;                                                       ;00000000;00000;000000;       ;                                                       ;00000000;00000;000000;       ;                                                       ;00000000;00000;000000;       ;                                                       ;00000000;00000;000000;       ;                                                       ;00000000;00000;000000;       ;                                                       ;00000000;00000;000000;       ;                                                       ;00000000;00000;000000;       ;                                                       ;00000000;00000;000000;       ;                                                       ;00000000;00000;000000;       ;                                                       ;00000000;00000;000000;       ;                                                       ;00000000;00000;000000;       ;                                                       ;00000000;00000;000000;       ;                                                       ;00000000;00000;000000
08;05;9;060;99;Cisla                                             ;99;99;00001;00000107;00000107;10000;00000094;08785;00000013;01215;00000000;00000;00000000;00000;000005;1003441;PP                                                     ;00000040;04255;000003;1002412;UPC                                                    ;00000030;03191;000001;1030889;P.S.O.E.                                               ;00000023;02447;000001;       ;                                                       ;00000000;00000;000000;       ;                                                       ;00000000;00000;000000;       ;                                                       ;00000000;00000;000000;       ;                                                       ;00000000;00000;000000;       ;                                                       ;00000000;00000;000000;       ;                                                       ;00000000;00000;000000;       ;                                                       ;00000000;00000;000000;       ;                                                       ;00000000;00000;000000;       ;                                                       ;00000000;00000;000000;       ;                                                       ;00000000;00000;000000;       ;                                                       ;00000000;00000;000000;       ;                                                       ;00000000;00000;000000;       ;                                                       ;00000000;00000;000000;       ;                                                       ;00000000;00000;000000;       ;                                                       ;00000000;00000;000000;       ;                                                       ;00000000;00000;000000;       ;                                                       ;00000000;00000;000000;       ;                                                       ;00000000;00000;000000;       ;                                                       ;00000000;00000;000000;       ;                                                       ;00000000;00000;000000;       ;                                                       ;00000000;00000;000000;       ;                                                       ;00000000;00000;000000;       ;                                                       ;00000000;00000;000000;       ;                                                       ;00000000;00000;000000;       ;                                                       ;00000000;00000;000000;       ;                                                       ;00000000;00000;000000;       ;                                                       ;00000000;00000;000000;       ;                                                       ;00000000;00000;000000;       ;                                                       ;00000000;00000;000000;       ;                                                       ;00000000;00000;000000;       ;                                                       ;00000000;00000;000000;       ;                                                       ;00000000;00000;000000;       ;                                                       ;00000000;00000;000000;       ;                                                       ;00000000;00000;000000;       ;                                                       ;00000000;00000;000000;       ;                                                       ;00000000;00000;000000;       ;                                                       ;00000000;00000;000000;       ;                                                       ;00000000;00000;000000;       ;                                                       ;00000000;00000;000000;       ;                                                       ;00000000;00000;000000;       ;                                                       ;00000000;00000;000000;       ;                                                       ;00000000;00000;000000;       ;                                                       ;00000000;00000;000000;       ;                                                       ;00000000;00000;000000;       ;                                                       ;00000000;00000;000000;       ;                                                       ;00000000;00000;000000;       ;                                                       ;00000000;00000;000000
08;05;9;061;99;Colilla, La                                       ;99;99;00001;00000257;00000257;10000;00000208;08093;00000049;01907;00000002;00097;00000002;00096;000007;1030889;P.S.O.E.                                               ;00000129;06262;000005;1017832;PACT                                                   ;00000040;01942;000001;1003441;PP                                                     ;00000035;01699;000001;       ;                                                       ;00000000;00000;000000;       ;                                                       ;00000000;00000;000000;       ;                                                       ;00000000;00000;000000;       ;                                                       ;00000000;00000;000000;       ;                                                       ;00000000;00000;000000;       ;                                                       ;00000000;00000;000000;       ;                                                       ;00000000;00000;000000;       ;                                                       ;00000000;00000;000000;       ;                                                       ;00000000;00000;000000;       ;                                                       ;00000000;00000;000000;       ;                                                       ;00000000;00000;000000;       ;                                                       ;00000000;00000;000000;       ;                                                       ;00000000;00000;000000;       ;                                                       ;00000000;00000;000000;       ;                                                       ;00000000;00000;000000;       ;                                                       ;00000000;00000;000000;       ;                                                       ;00000000;00000;000000;       ;                                                       ;00000000;00000;000000;       ;                                                       ;00000000;00000;000000;       ;                                                       ;00000000;00000;000000;       ;                                                       ;00000000;00000;000000;       ;                                                       ;00000000;00000;000000;       ;                                                       ;00000000;00000;000000;       ;                                                       ;00000000;00000;000000;       ;                                                       ;00000000;00000;000000;       ;                                                       ;00000000;00000;000000;       ;                                                       ;00000000;00000;000000;       ;                                                       ;00000000;00000;000000;       ;                                                       ;00000000;00000;000000;       ;                                                       ;00000000;00000;000000;       ;                                                       ;00000000;00000;000000;       ;                                                       ;00000000;00000;000000;       ;                                                       ;00000000;00000;000000;       ;                                                       ;00000000;00000;000000;       ;                                                       ;00000000;00000;000000;       ;                                                       ;00000000;00000;000000;       ;                                                       ;00000000;00000;000000;       ;                                                       ;00000000;00000;000000;       ;                                                       ;00000000;00000;000000;       ;                                                       ;00000000;00000;000000;       ;                                                       ;00000000;00000;000000;       ;                                                       ;00000000;00000;000000;       ;                                                       ;00000000;00000;000000;       ;                                                       ;00000000;00000;000000;       ;                                                       ;00000000;00000;000000;       ;                                                       ;00000000;00000;000000;       ;                                                       ;00000000;00000;000000
08;05;9;062;99;Collado de Contreras                              ;99;99;00001;00000166;00000166;10000;00000129;07771;00000037;02229;00000003;00244;00000006;00465;000005;1003441;PP                                                     ;00000094;07642;000005;1030889;P.S.O.E.                                               ;00000012;00976;000000;       ;                                                       ;00000000;00000;000000;       ;                                                       ;00000000;00000;000000;       ;                                                       ;00000000;00000;000000;       ;                                                       ;00000000;00000;000000;       ;                                                       ;00000000;00000;000000;       ;                                                       ;00000000;00000;000000;       ;                                                       ;00000000;00000;000000;       ;                                                       ;00000000;00000;000000;       ;                                                       ;00000000;00000;000000;       ;                                                       ;00000000;00000;000000;       ;                                                       ;00000000;00000;000000;       ;                                                       ;00000000;00000;000000;       ;                                                       ;00000000;00000;000000;       ;                                                       ;00000000;00000;000000;       ;                                                       ;00000000;00000;000000;       ;                                                       ;00000000;00000;000000;       ;                                                       ;00000000;00000;000000;       ;                                                       ;00000000;00000;000000;       ;                                                       ;00000000;00000;000000;       ;                                                       ;00000000;00000;000000;       ;                                                       ;00000000;00000;000000;       ;                                                       ;00000000;00000;000000;       ;                                                       ;00000000;00000;000000;       ;                                                       ;00000000;00000;000000;       ;                                                       ;00000000;00000;000000;       ;                                                       ;00000000;00000;000000;       ;                                                       ;00000000;00000;000000;       ;                                                       ;00000000;00000;000000;       ;                                                       ;00000000;00000;000000;       ;                                                       ;00000000;00000;000000;       ;                                                       ;00000000;00000;000000;       ;                                                       ;00000000;00000;000000;       ;                                                       ;00000000;00000;000000;       ;                                                       ;00000000;00000;000000;       ;                                                       ;00000000;00000;000000;       ;                                                       ;00000000;00000;000000;       ;                                                       ;00000000;00000;000000;       ;                                                       ;00000000;00000;000000;       ;                                                       ;00000000;00000;000000;       ;                                                       ;00000000;00000;000000;       ;                                                       ;00000000;00000;000000;       ;                                                       ;00000000;00000;000000;       ;                                                       ;00000000;00000;000000;       ;                                                       ;00000000;00000;000000;       ;                                                       ;00000000;00000;000000;       ;                                                       ;00000000;00000;000000;       ;                                                       ;00000000;00000;000000;       ;                                                       ;00000000;00000;000000
08;05;9;063;99;Collado del Mirón                                 ;99;99;00001;00000031;00000031;10000;00000027;08710;00000004;01290;00000000;00000;00000001;00370;000003;1003441;PP                                                     ;00000023;08846;000003;1030889;P.S.O.E.                                               ;00000002;00769;000000;       ;                                                       ;00000000;00000;000000;       ;                                                       ;00000000;00000;000000;       ;                                                       ;00000000;00000;000000;       ;                                                       ;00000000;00000;000000;       ;                                                       ;00000000;00000;000000;       ;                                                       ;00000000;00000;000000;       ;                                                       ;00000000;00000;000000;       ;                                                       ;00000000;00000;000000;       ;                                                       ;00000000;00000;000000;       ;                                                       ;00000000;00000;000000;       ;                                                       ;00000000;00000;000000;       ;                                                       ;00000000;00000;000000;       ;                                                       ;00000000;00000;000000;       ;                                                       ;00000000;00000;000000;       ;                                                       ;00000000;00000;000000;       ;                                                       ;00000000;00000;000000;       ;                                                       ;00000000;00000;000000;       ;                                                       ;00000000;00000;000000;       ;                                                       ;00000000;00000;000000;       ;                                                       ;00000000;00000;000000;       ;                                                       ;00000000;00000;000000;       ;                                                       ;00000000;00000;000000;       ;                                                       ;00000000;00000;000000;       ;                                                       ;00000000;00000;000000;       ;                                                       ;00000000;00000;000000;       ;                                                       ;00000000;00000;000000;       ;                                                       ;00000000;00000;000000;       ;                                                       ;00000000;00000;000000;       ;                                                       ;00000000;00000;000000;       ;                                                       ;00000000;00000;000000;       ;                                                       ;00000000;00000;000000;       ;                                                       ;00000000;00000;000000;       ;                                                       ;00000000;00000;000000;       ;                                                       ;00000000;00000;000000;       ;                                                       ;00000000;00000;000000;       ;                                                       ;00000000;00000;000000;       ;                                                       ;00000000;00000;000000;       ;                                                       ;00000000;00000;000000;       ;                                                       ;00000000;00000;000000;       ;                                                       ;00000000;00000;000000;       ;                                                       ;00000000;00000;000000;       ;                                                       ;00000000;00000;000000;       ;                                                       ;00000000;00000;000000;       ;                                                       ;00000000;00000;000000;       ;                                                       ;00000000;00000;000000;       ;                                                       ;00000000;00000;000000;       ;                                                       ;00000000;00000;000000;       ;                                                       ;00000000;00000;000000
08;05;9;064;99;Constanzana                                       ;99;99;00001;00000102;00000102;10000;00000090;08824;00000012;01176;00000000;00000;00000006;00667;000005;1003441;PP                                                     ;00000047;05595;000004;1030889;P.S.O.E.                                               ;00000026;03095;000001;       ;                                                       ;00000000;00000;000000;       ;                                                       ;00000000;00000;000000;       ;                                                       ;00000000;00000;000000;       ;                                                       ;00000000;00000;000000;       ;                                                       ;00000000;00000;000000;       ;                                                       ;00000000;00000;000000;       ;                                                       ;00000000;00000;000000;       ;                                                       ;00000000;00000;000000;       ;                                                       ;00000000;00000;000000;       ;                                                       ;00000000;00000;000000;       ;                                                       ;00000000;00000;000000;       ;                                                       ;00000000;00000;000000;       ;                                                       ;00000000;00000;000000;       ;                                                       ;00000000;00000;000000;       ;                                                       ;00000000;00000;000000;       ;                                                       ;00000000;00000;000000;       ;                                                       ;00000000;00000;000000;       ;                                                       ;00000000;00000;000000;       ;                                                       ;00000000;00000;000000;       ;                                                       ;00000000;00000;000000;       ;                                                       ;00000000;00000;000000;       ;                                                       ;00000000;00000;000000;       ;                                                       ;00000000;00000;000000;       ;                                                       ;00000000;00000;000000;       ;                                                       ;00000000;00000;000000;       ;                                                       ;00000000;00000;000000;       ;                                                       ;00000000;00000;000000;       ;                                                       ;00000000;00000;000000;       ;                                                       ;00000000;00000;000000;       ;                                                       ;00000000;00000;000000;       ;                                                       ;00000000;00000;000000;       ;                                                       ;00000000;00000;000000;       ;                                                       ;00000000;00000;000000;       ;                                                       ;00000000;00000;000000;       ;                                                       ;00000000;00000;000000;       ;                                                       ;00000000;00000;000000;       ;                                                       ;00000000;00000;000000;       ;                                                       ;00000000;00000;000000;       ;                                                       ;00000000;00000;000000;       ;                                                       ;00000000;00000;000000;       ;                                                       ;00000000;00000;000000;       ;                                                       ;00000000;00000;000000;       ;                                                       ;00000000;00000;000000;       ;                                                       ;00000000;00000;000000;       ;                                                       ;00000000;00000;000000;       ;                                                       ;00000000;00000;000000;       ;                                                       ;00000000;00000;000000;       ;                                                       ;00000000;00000;000000
08;05;9;065;99;Crespos                                           ;99;99;00001;00000459;00000459;10000;00000392;08540;00000067;01460;00000008;00210;00000011;00281;000007;1022852;XAV                                                    ;00000173;04541;000004;1003441;PP                                                     ;00000120;03150;000002;1030889;P.S.O.E.                                               ;00000080;02100;000001;       ;                                                       ;00000000;00000;000000;       ;                                                       ;00000000;00000;000000;       ;                                                       ;00000000;00000;000000;       ;                                                       ;00000000;00000;000000;       ;                                                       ;00000000;00000;000000;       ;                                                       ;00000000;00000;000000;       ;                                                       ;00000000;00000;000000;       ;                                                       ;00000000;00000;000000;       ;                                                       ;00000000;00000;000000;       ;                                                       ;00000000;00000;000000;       ;                                                       ;00000000;00000;000000;       ;                                                       ;00000000;00000;000000;       ;                                                       ;00000000;00000;000000;       ;                                                       ;00000000;00000;000000;       ;                                                       ;00000000;00000;000000;       ;                                                       ;00000000;00000;000000;       ;                                                       ;00000000;00000;000000;       ;                                                       ;00000000;00000;000000;       ;                                                       ;00000000;00000;000000;       ;                                                       ;00000000;00000;000000;       ;                                                       ;00000000;00000;000000;       ;                                                       ;00000000;00000;000000;       ;                                                       ;00000000;00000;000000;       ;                                                       ;00000000;00000;000000;       ;                                                       ;00000000;00000;000000;       ;                                                       ;00000000;00000;000000;       ;                                                       ;00000000;00000;000000;       ;                                                       ;00000000;00000;000000;       ;                                                       ;00000000;00000;000000;       ;                                                       ;00000000;00000;000000;       ;                                                       ;00000000;00000;000000;       ;                                                       ;00000000;00000;000000;       ;                                                       ;00000000;00000;000000;       ;                                                       ;00000000;00000;000000;       ;                                                       ;00000000;00000;000000;       ;                                                       ;00000000;00000;000000;       ;                                                       ;00000000;00000;000000;       ;                                                       ;00000000;00000;000000;       ;                                                       ;00000000;00000;000000;       ;                                                       ;00000000;00000;000000;       ;                                                       ;00000000;00000;000000;       ;                                                       ;00000000;00000;000000;       ;                                                       ;00000000;00000;000000;       ;                                                       ;00000000;00000;000000;       ;                                                       ;00000000;00000;000000;       ;                                                       ;00000000;00000;000000;       ;                                                       ;00000000;00000;000000
08;05;9;066;99;Cuevas del Valle                                  ;99;99;00001;00000437;00000437;10000;00000384;08787;00000053;01213;00000005;00134;00000012;00313;000007;1022852;XAV                                                    ;00000119;03199;000002;1003019;UCIN                                                   ;00000110;02957;000002;1003441;PP                                                     ;00000081;02177;000002;1030889;P.S.O.E.                                               ;00000057;01532;000001;       ;                                                       ;00000000;00000;000000;       ;                                                       ;00000000;00000;000000;       ;                                                       ;00000000;00000;000000;       ;                                                       ;00000000;00000;000000;       ;                                                       ;00000000;00000;000000;       ;                                                       ;00000000;00000;000000;       ;                                                       ;00000000;00000;000000;       ;                                                       ;00000000;00000;000000;       ;                                                       ;00000000;00000;000000;       ;                                                       ;00000000;00000;000000;       ;                                                       ;00000000;00000;000000;       ;                                                       ;00000000;00000;000000;       ;                                                       ;00000000;00000;000000;       ;                                                       ;00000000;00000;000000;       ;                                                       ;00000000;00000;000000;       ;                                                       ;00000000;00000;000000;       ;                                                       ;00000000;00000;000000;       ;                                                       ;00000000;00000;000000;       ;                                                       ;00000000;00000;000000;       ;                                                       ;00000000;00000;000000;       ;                                                       ;00000000;00000;000000;       ;                                                       ;00000000;00000;000000;       ;                                                       ;00000000;00000;000000;       ;                                                       ;00000000;00000;000000;       ;                                                       ;00000000;00000;000000;       ;                                                       ;00000000;00000;000000;       ;                                                       ;00000000;00000;000000;       ;                                                       ;00000000;00000;000000;       ;                                                       ;00000000;00000;000000;       ;                                                       ;00000000;00000;000000;       ;                                                       ;00000000;00000;000000;       ;                                                       ;00000000;00000;000000;       ;                                                       ;00000000;00000;000000;       ;                                                       ;00000000;00000;000000;       ;                                                       ;00000000;00000;000000;       ;                                                       ;00000000;00000;000000;       ;                                                       ;00000000;00000;000000;       ;                                                       ;00000000;00000;000000;       ;                                                       ;00000000;00000;000000;       ;                                                       ;00000000;00000;000000;       ;                                                       ;00000000;00000;000000;       ;                                                       ;00000000;00000;000000;       ;                                                       ;00000000;00000;000000;       ;                                                       ;00000000;00000;000000;       ;                                                       ;00000000;00000;000000;       ;                                                       ;00000000;00000;000000
08;05;9;903;99;Diego del Carpio                                  ;99;99;00001;00000138;00000138;10000;00000108;07826;00000030;02174;00000003;00283;00000002;00185;000005;1003441;PP                                                     ;00000058;05472;000004;1030889;P.S.O.E.                                               ;00000017;01604;000001;       ;                                                       ;00000000;00000;000000;       ;                                                       ;00000000;00000;000000;       ;                                                       ;00000000;00000;000000;       ;                                                       ;00000000;00000;000000;       ;                                                       ;00000000;00000;000000;       ;                                                       ;00000000;00000;000000;       ;                                                       ;00000000;00000;000000;       ;                                                       ;00000000;00000;000000;       ;                                                       ;00000000;00000;000000;       ;                                                       ;00000000;00000;000000;       ;                                                       ;00000000;00000;000000;       ;                                                       ;00000000;00000;000000;       ;                                                       ;00000000;00000;000000;       ;                                                       ;00000000;00000;000000;       ;                                                       ;00000000;00000;000000;       ;                                                       ;00000000;00000;000000;       ;                                                       ;00000000;00000;000000;       ;                                                       ;00000000;00000;000000;       ;                                                       ;00000000;00000;000000;       ;                                                       ;00000000;00000;000000;       ;                                                       ;00000000;00000;000000;       ;                                                       ;00000000;00000;000000;       ;                                                       ;00000000;00000;000000;       ;                                                       ;00000000;00000;000000;       ;                                                       ;00000000;00000;000000;       ;                                                       ;00000000;00000;000000;       ;                                                       ;00000000;00000;000000;       ;                                                       ;00000000;00000;000000;       ;                                                       ;00000000;00000;000000;       ;                                                       ;00000000;00000;000000;       ;                                                       ;00000000;00000;000000;       ;                                                       ;00000000;00000;000000;       ;                                                       ;00000000;00000;000000;       ;                                                       ;00000000;00000;000000;       ;                                                       ;00000000;00000;000000;       ;                                                       ;00000000;00000;000000;       ;                                                       ;00000000;00000;000000;       ;                                                       ;00000000;00000;000000;       ;                                                       ;00000000;00000;000000;       ;                                                       ;00000000;00000;000000;       ;                                                       ;00000000;00000;000000;       ;                                                       ;00000000;00000;000000;       ;                                                       ;00000000;00000;000000;       ;                                                       ;00000000;00000;000000;       ;                                                       ;00000000;00000;000000;       ;                                                       ;00000000;00000;000000;       ;                                                       ;00000000;00000;000000;       ;                                                       ;00000000;00000;000000
08;05;9;069;99;Donjimeno                                         ;99;99;00001;00000073;00000073;10000;00000066;09041;00000007;00959;00000000;00000;00000002;00303;000003;1003441;PP                                                     ;00000053;08281;000003;1030889;P.S.O.E.                                               ;00000007;01094;000000;       ;                                                       ;00000000;00000;000000;       ;                                                       ;00000000;00000;000000;       ;                                                       ;00000000;00000;000000;       ;                                                       ;00000000;00000;000000;       ;                                                       ;00000000;00000;000000;       ;                                                       ;00000000;00000;000000;       ;                                                       ;00000000;00000;000000;       ;                                                       ;00000000;00000;000000;       ;                                                       ;00000000;00000;000000;       ;                                                       ;00000000;00000;000000;       ;                                                       ;00000000;00000;000000;       ;                                                       ;00000000;00000;000000;       ;                                                       ;00000000;00000;000000;       ;                                                       ;00000000;00000;000000;       ;                                                       ;00000000;00000;000000;       ;                                                       ;00000000;00000;000000;       ;                                                       ;00000000;00000;000000;       ;                                                       ;00000000;00000;000000;       ;                                                       ;00000000;00000;000000;       ;                                                       ;00000000;00000;000000;       ;                                                       ;00000000;00000;000000;       ;                                                       ;00000000;00000;000000;       ;                                                       ;00000000;00000;000000;       ;                                                       ;00000000;00000;000000;       ;                                                       ;00000000;00000;000000;       ;                                                       ;00000000;00000;000000;       ;                                                       ;00000000;00000;000000;       ;                                                       ;00000000;00000;000000;       ;                                                       ;00000000;00000;000000;       ;                                                       ;00000000;00000;000000;       ;                                                       ;00000000;00000;000000;       ;                                                       ;00000000;00000;000000;       ;                                                       ;00000000;00000;000000;       ;                                                       ;00000000;00000;000000;       ;                                                       ;00000000;00000;000000;       ;                                                       ;00000000;00000;000000;       ;                                                       ;00000000;00000;000000;       ;                                                       ;00000000;00000;000000;       ;                                                       ;00000000;00000;000000;       ;                                                       ;00000000;00000;000000;       ;                                                       ;00000000;00000;000000;       ;                                                       ;00000000;00000;000000;       ;                                                       ;00000000;00000;000000;       ;                                                       ;00000000;00000;000000;       ;                                                       ;00000000;00000;000000;       ;                                                       ;00000000;00000;000000;       ;                                                       ;00000000;00000;000000;       ;                                                       ;00000000;00000;000000
08;05;9;070;99;Donvidas                                          ;99;99;00001;00000029;00000029;10000;00000029;10000;00000000;00000;00000000;00000;00000000;00000;000003;1030889;P.S.O.E.                                               ;00000025;08621;000002;1003441;PP                                                     ;00000002;00690;000001;       ;                                                       ;00000000;00000;000000;       ;                                                       ;00000000;00000;000000;       ;                                                       ;00000000;00000;000000;       ;                                                       ;00000000;00000;000000;       ;                                                       ;00000000;00000;000000;       ;                                                       ;00000000;00000;000000;       ;                                                       ;00000000;00000;000000;       ;                                                       ;00000000;00000;000000;       ;                                                       ;00000000;00000;000000;       ;                                                       ;00000000;00000;000000;       ;                                                       ;00000000;00000;000000;       ;                                                       ;00000000;00000;000000;       ;                                                       ;00000000;00000;000000;       ;                                                       ;00000000;00000;000000;       ;                                                       ;00000000;00000;000000;       ;                                                       ;00000000;00000;000000;       ;                                                       ;00000000;00000;000000;       ;                                                       ;00000000;00000;000000;       ;                                                       ;00000000;00000;000000;       ;                                                       ;00000000;00000;000000;       ;                                                       ;00000000;00000;000000;       ;                                                       ;00000000;00000;000000;       ;                                                       ;00000000;00000;000000;       ;                                                       ;00000000;00000;000000;       ;                                                       ;00000000;00000;000000;       ;                                                       ;00000000;00000;000000;       ;                                                       ;00000000;00000;000000;       ;                                                       ;00000000;00000;000000;       ;                                                       ;00000000;00000;000000;       ;                                                       ;00000000;00000;000000;       ;                                                       ;00000000;00000;000000;       ;                                                       ;00000000;00000;000000;       ;                                                       ;00000000;00000;000000;       ;                                                       ;00000000;00000;000000;       ;                                                       ;00000000;00000;000000;       ;                                                       ;00000000;00000;000000;       ;                                                       ;00000000;00000;000000;       ;                                                       ;00000000;00000;000000;       ;                                                       ;00000000;00000;000000;       ;                                                       ;00000000;00000;000000;       ;                                                       ;00000000;00000;000000;       ;                                                       ;00000000;00000;000000;       ;                                                       ;00000000;00000;000000;       ;                                                       ;00000000;00000;000000;       ;                                                       ;00000000;00000;000000;       ;                                                       ;00000000;00000;000000;       ;                                                       ;00000000;00000;000000;       ;                                                       ;00000000;00000;000000
08;05;9;072;99;Espinosa de los Caballeros                        ;99;99;00001;00000094;00000094;10000;00000090;09574;00000004;00426;00000001;00111;00000000;00000;000005;1003441;PP                                                     ;00000056;06222;000004;1030889;P.S.O.E.                                               ;00000031;03444;000001;       ;                                                       ;00000000;00000;000000;       ;                                                       ;00000000;00000;000000;       ;                                                       ;00000000;00000;000000;       ;                                                       ;00000000;00000;000000;       ;                                                       ;00000000;00000;000000;       ;                                                       ;00000000;00000;000000;       ;                                                       ;00000000;00000;000000;       ;                                                       ;00000000;00000;000000;       ;                                                       ;00000000;00000;000000;       ;                                                       ;00000000;00000;000000;       ;                                                       ;00000000;00000;000000;       ;                                                       ;00000000;00000;000000;       ;                                                       ;00000000;00000;000000;       ;                                                       ;00000000;00000;000000;       ;                                                       ;00000000;00000;000000;       ;                                                       ;00000000;00000;000000;       ;                                                       ;00000000;00000;000000;       ;                                                       ;00000000;00000;000000;       ;                                                       ;00000000;00000;000000;       ;                                                       ;00000000;00000;000000;       ;                                                       ;00000000;00000;000000;       ;                                                       ;00000000;00000;000000;       ;                                                       ;00000000;00000;000000;       ;                                                       ;00000000;00000;000000;       ;                                                       ;00000000;00000;000000;       ;                                                       ;00000000;00000;000000;       ;                                                       ;00000000;00000;000000;       ;                                                       ;00000000;00000;000000;       ;                                                       ;00000000;00000;000000;       ;                                                       ;00000000;00000;000000;       ;                                                       ;00000000;00000;000000;       ;                                                       ;00000000;00000;000000;       ;                                                       ;00000000;00000;000000;       ;                                                       ;00000000;00000;000000;       ;                                                       ;00000000;00000;000000;       ;                                                       ;00000000;00000;000000;       ;                                                       ;00000000;00000;000000;       ;                                                       ;00000000;00000;000000;       ;                                                       ;00000000;00000;000000;       ;                                                       ;00000000;00000;000000;       ;                                                       ;00000000;00000;000000;       ;                                                       ;00000000;00000;000000;       ;                                                       ;00000000;00000;000000;       ;                                                       ;00000000;00000;000000;       ;                                                       ;00000000;00000;000000;       ;                                                       ;00000000;00000;000000;       ;                                                       ;00000000;00000;000000;       ;                                                       ;00000000;00000;000000
08;05;9;073;99;Flores de Ávila                                   ;99;99;00001;00000287;00000287;10000;00000245;08537;00000042;01463;00000001;00042;00000005;00204;000007;1003441;PP                                                     ;00000168;07000;000006;9689014;Cs                                                     ;00000050;02083;000001;1030889;P.S.O.E.                                               ;00000021;00875;000000;       ;                                                       ;00000000;00000;000000;       ;                                                       ;00000000;00000;000000;       ;                                                       ;00000000;00000;000000;       ;                                                       ;00000000;00000;000000;       ;                                                       ;00000000;00000;000000;       ;                                                       ;00000000;00000;000000;       ;                                                       ;00000000;00000;000000;       ;                                                       ;00000000;00000;000000;       ;                                                       ;00000000;00000;000000;       ;                                                       ;00000000;00000;000000;       ;                                                       ;00000000;00000;000000;       ;                                                       ;00000000;00000;000000;       ;                                                       ;00000000;00000;000000;       ;                                                       ;00000000;00000;000000;       ;                                                       ;00000000;00000;000000;       ;                                                       ;00000000;00000;000000;       ;                                                       ;00000000;00000;000000;       ;                                                       ;00000000;00000;000000;       ;                                                       ;00000000;00000;000000;       ;                                                       ;00000000;00000;000000;       ;                                                       ;00000000;00000;000000;       ;                                                       ;00000000;00000;000000;       ;                                                       ;00000000;00000;000000;       ;                                                       ;00000000;00000;000000;       ;                                                       ;00000000;00000;000000;       ;                                                       ;00000000;00000;000000;       ;                                                       ;00000000;00000;000000;       ;                                                       ;00000000;00000;000000;       ;                                                       ;00000000;00000;000000;       ;                                                       ;00000000;00000;000000;       ;                                                       ;00000000;00000;000000;       ;                                                       ;00000000;00000;000000;       ;                                                       ;00000000;00000;000000;       ;                                                       ;00000000;00000;000000;       ;                                                       ;00000000;00000;000000;       ;                                                       ;00000000;00000;000000;       ;                                                       ;00000000;00000;000000;       ;                                                       ;00000000;00000;000000;       ;                                                       ;00000000;00000;000000;       ;                                                       ;00000000;00000;000000;       ;                                                       ;00000000;00000;000000;       ;                                                       ;00000000;00000;000000;       ;                                                       ;00000000;00000;000000;       ;                                                       ;00000000;00000;000000;       ;                                                       ;00000000;00000;000000;       ;                                                       ;00000000;00000;000000;       ;                                                       ;00000000;00000;000000
08;05;9;074;99;Fontiveros                                        ;99;99;00001;00000666;00000666;10000;00000572;08589;00000094;01411;00000003;00053;00000007;00122;000007;1003441;PP                                                     ;00000271;04796;000004;1030889;P.S.O.E.                                               ;00000244;04319;000003;9689014;Cs                                                     ;00000047;00832;000000;       ;                                                       ;00000000;00000;000000;       ;                                                       ;00000000;00000;000000;       ;                                                       ;00000000;00000;000000;       ;                                                       ;00000000;00000;000000;       ;                                                       ;00000000;00000;000000;       ;                                                       ;00000000;00000;000000;       ;                                                       ;00000000;00000;000000;       ;                                                       ;00000000;00000;000000;       ;                                                       ;00000000;00000;000000;       ;                                                       ;00000000;00000;000000;       ;                                                       ;00000000;00000;000000;       ;                                                       ;00000000;00000;000000;       ;                                                       ;00000000;00000;000000;       ;                                                       ;00000000;00000;000000;       ;                                                       ;00000000;00000;000000;       ;                                                       ;00000000;00000;000000;       ;                                                       ;00000000;00000;000000;       ;                                                       ;00000000;00000;000000;       ;                                                       ;00000000;00000;000000;       ;                                                       ;00000000;00000;000000;       ;                                                       ;00000000;00000;000000;       ;                                                       ;00000000;00000;000000;       ;                                                       ;00000000;00000;000000;       ;                                                       ;00000000;00000;000000;       ;                                                       ;00000000;00000;000000;       ;                                                       ;00000000;00000;000000;       ;                                                       ;00000000;00000;000000;       ;                                                       ;00000000;00000;000000;       ;                                                       ;00000000;00000;000000;       ;                                                       ;00000000;00000;000000;       ;                                                       ;00000000;00000;000000;       ;                                                       ;00000000;00000;000000;       ;                                                       ;00000000;00000;000000;       ;                                                       ;00000000;00000;000000;       ;                                                       ;00000000;00000;000000;       ;                                                       ;00000000;00000;000000;       ;                                                       ;00000000;00000;000000;       ;                                                       ;00000000;00000;000000;       ;                                                       ;00000000;00000;000000;       ;                                                       ;00000000;00000;000000;       ;                                                       ;00000000;00000;000000;       ;                                                       ;00000000;00000;000000;       ;                                                       ;00000000;00000;000000;       ;                                                       ;00000000;00000;000000;       ;                                                       ;00000000;00000;000000;       ;                                                       ;00000000;00000;000000;       ;                                                       ;00000000;00000;000000
08;05;9;075;99;Fresnedilla                                       ;99;99;00001;00000099;00000099;10000;00000086;08687;00000013;01313;00000003;00357;00000002;00233;000005;1003441;PP                                                     ;00000040;04762;000004;1005227;PCAS-TC                                                ;00000017;02024;000001;1030889;P.S.O.E.                                               ;00000017;02024;000000;       ;                                                       ;00000000;00000;000000;       ;                                                       ;00000000;00000;000000;       ;                                                       ;00000000;00000;000000;       ;                                                       ;00000000;00000;000000;       ;                                                       ;00000000;00000;000000;       ;                                                       ;00000000;00000;000000;       ;                                                       ;00000000;00000;000000;       ;                                                       ;00000000;00000;000000;       ;                                                       ;00000000;00000;000000;       ;                                                       ;00000000;00000;000000;       ;                                                       ;00000000;00000;000000;       ;                                                       ;00000000;00000;000000;       ;                                                       ;00000000;00000;000000;       ;                                                       ;00000000;00000;000000;       ;                                                       ;00000000;00000;000000;       ;                                                       ;00000000;00000;000000;       ;                                                       ;00000000;00000;000000;       ;                                                       ;00000000;00000;000000;       ;                                                       ;00000000;00000;000000;       ;                                                       ;00000000;00000;000000;       ;                                                       ;00000000;00000;000000;       ;                                                       ;00000000;00000;000000;       ;                                                       ;00000000;00000;000000;       ;                                                       ;00000000;00000;000000;       ;                                                       ;00000000;00000;000000;       ;                                                       ;00000000;00000;000000;       ;                                                       ;00000000;00000;000000;       ;                                                       ;00000000;00000;000000;       ;                                                       ;00000000;00000;000000;       ;                                                       ;00000000;00000;000000;       ;                                                       ;00000000;00000;000000;       ;                                                       ;00000000;00000;000000;       ;                                                       ;00000000;00000;000000;       ;                                                       ;00000000;00000;000000;       ;                                                       ;00000000;00000;000000;       ;                                                       ;00000000;00000;000000;       ;                                                       ;00000000;00000;000000;       ;                                                       ;00000000;00000;000000;       ;                                                       ;00000000;00000;000000;       ;                                                       ;00000000;00000;000000;       ;                                                       ;00000000;00000;000000;       ;                                                       ;00000000;00000;000000;       ;                                                       ;00000000;00000;000000;       ;                                                       ;00000000;00000;000000;       ;                                                       ;00000000;00000;000000;       ;                                                       ;00000000;00000;000000;       ;                                                       ;00000000;00000;000000
08;05;9;076;99;Fresno, El                                        ;99;99;00001;00000477;00000477;10000;00000417;08742;00000060;01258;00000004;00098;00000007;00168;000007;1003441;PP                                                     ;00000186;04537;000003;1022852;XAV                                                    ;00000149;03634;000003;1030889;P.S.O.E.                                               ;00000071;01732;000001;       ;                                                       ;00000000;00000;000000;       ;                                                       ;00000000;00000;000000;       ;                                                       ;00000000;00000;000000;       ;                                                       ;00000000;00000;000000;       ;                                                       ;00000000;00000;000000;       ;                                                       ;00000000;00000;000000;       ;                                                       ;00000000;00000;000000;       ;                                                       ;00000000;00000;000000;       ;                                                       ;00000000;00000;000000;       ;                                                       ;00000000;00000;000000;       ;                                                       ;00000000;00000;000000;       ;                                                       ;00000000;00000;000000;       ;                                                       ;00000000;00000;000000;       ;                                                       ;00000000;00000;000000;       ;                                                       ;00000000;00000;000000;       ;                                                       ;00000000;00000;000000;       ;                                                       ;00000000;00000;000000;       ;                                                       ;00000000;00000;000000;       ;                                                       ;00000000;00000;000000;       ;                                                       ;00000000;00000;000000;       ;                                                       ;00000000;00000;000000;       ;                                                       ;00000000;00000;000000;       ;                                                       ;00000000;00000;000000;       ;                                                       ;00000000;00000;000000;       ;                                                       ;00000000;00000;000000;       ;                                                       ;00000000;00000;000000;       ;                                                       ;00000000;00000;000000;       ;                                                       ;00000000;00000;000000;       ;                                                       ;00000000;00000;000000;       ;                                                       ;00000000;00000;000000;       ;                                                       ;00000000;00000;000000;       ;                                                       ;00000000;00000;000000;       ;                                                       ;00000000;00000;000000;       ;                                                       ;00000000;00000;000000;       ;                                                       ;00000000;00000;000000;       ;                                                       ;00000000;00000;000000;       ;                                                       ;00000000;00000;000000;       ;                                                       ;00000000;00000;000000;       ;                                                       ;00000000;00000;000000;       ;                                                       ;00000000;00000;000000;       ;                                                       ;00000000;00000;000000;       ;                                                       ;00000000;00000;000000;       ;                                                       ;00000000;00000;000000;       ;                                                       ;00000000;00000;000000;       ;                                                       ;00000000;00000;000000;       ;                                                       ;00000000;00000;000000;       ;                                                       ;00000000;00000;000000
08;05;9;077;99;Fuente el Saúz                                    ;99;99;00001;00000158;00000158;10000;00000136;08608;00000022;01392;00000005;00385;00000006;00441;000005;1003441;PP                                                     ;00000090;06923;000004;1030889;P.S.O.E.                                               ;00000026;02000;000001;       ;                                                       ;00000000;00000;000000;       ;                                                       ;00000000;00000;000000;       ;                                                       ;00000000;00000;000000;       ;                                                       ;00000000;00000;000000;       ;                                                       ;00000000;00000;000000;       ;                                                       ;00000000;00000;000000;       ;                                                       ;00000000;00000;000000;       ;                                                       ;00000000;00000;000000;       ;                                                       ;00000000;00000;000000;       ;                                                       ;00000000;00000;000000;       ;                                                       ;00000000;00000;000000;       ;                                                       ;00000000;00000;000000;       ;                                                       ;00000000;00000;000000;       ;                                                       ;00000000;00000;000000;       ;                                                       ;00000000;00000;000000;       ;                                                       ;00000000;00000;000000;       ;                                                       ;00000000;00000;000000;       ;                                                       ;00000000;00000;000000;       ;                                                       ;00000000;00000;000000;       ;                                                       ;00000000;00000;000000;       ;                                                       ;00000000;00000;000000;       ;                                                       ;00000000;00000;000000;       ;                                                       ;00000000;00000;000000;       ;                                                       ;00000000;00000;000000;       ;                                                       ;00000000;00000;000000;       ;                                                       ;00000000;00000;000000;       ;                                                       ;00000000;00000;000000;       ;                                                       ;00000000;00000;000000;       ;                                                       ;00000000;00000;000000;       ;                                                       ;00000000;00000;000000;       ;                                                       ;00000000;00000;000000;       ;                                                       ;00000000;00000;000000;       ;                                                       ;00000000;00000;000000;       ;                                                       ;00000000;00000;000000;       ;                                                       ;00000000;00000;000000;       ;                                                       ;00000000;00000;000000;       ;                                                       ;00000000;00000;000000;       ;                                                       ;00000000;00000;000000;       ;                                                       ;00000000;00000;000000;       ;                                                       ;00000000;00000;000000;       ;                                                       ;00000000;00000;000000;       ;                                                       ;00000000;00000;000000;       ;                                                       ;00000000;00000;000000;       ;                                                       ;00000000;00000;000000;       ;                                                       ;00000000;00000;000000;       ;                                                       ;00000000;00000;000000;       ;                                                       ;00000000;00000;000000;       ;                                                       ;00000000;00000;000000
08;05;9;078;99;Fuentes de Año                                    ;99;99;00001;00000096;00000096;10000;00000091;09479;00000005;00521;00000004;00449;00000002;00220;000005;1003441;PP                                                     ;00000048;05393;000004;1030889;P.S.O.E.                                               ;00000035;03933;000001;       ;                                                       ;00000000;00000;000000;       ;                                                       ;00000000;00000;000000;       ;                                                       ;00000000;00000;000000;       ;                                                       ;00000000;00000;000000;       ;                                                       ;00000000;00000;000000;       ;                                                       ;00000000;00000;000000;       ;                                                       ;00000000;00000;000000;       ;                                                       ;00000000;00000;000000;       ;                                                       ;00000000;00000;000000;       ;                                                       ;00000000;00000;000000;       ;                                                       ;00000000;00000;000000;       ;                                                       ;00000000;00000;000000;       ;                                                       ;00000000;00000;000000;       ;                                                       ;00000000;00000;000000;       ;                                                       ;00000000;00000;000000;       ;                                                       ;00000000;00000;000000;       ;                                                       ;00000000;00000;000000;       ;                                                       ;00000000;00000;000000;       ;                                                       ;00000000;00000;000000;       ;                                                       ;00000000;00000;000000;       ;                                                       ;00000000;00000;000000;       ;                                                       ;00000000;00000;000000;       ;                                                       ;00000000;00000;000000;       ;                                                       ;00000000;00000;000000;       ;                                                       ;00000000;00000;000000;       ;                                                       ;00000000;00000;000000;       ;                                                       ;00000000;00000;000000;       ;                                                       ;00000000;00000;000000;       ;                                                       ;00000000;00000;000000;       ;                                                       ;00000000;00000;000000;       ;                                                       ;00000000;00000;000000;       ;                                                       ;00000000;00000;000000;       ;                                                       ;00000000;00000;000000;       ;                                                       ;00000000;00000;000000;       ;                                                       ;00000000;00000;000000;       ;                                                       ;00000000;00000;000000;       ;                                                       ;00000000;00000;000000;       ;                                                       ;00000000;00000;000000;       ;                                                       ;00000000;00000;000000;       ;                                                       ;00000000;00000;000000;       ;                                                       ;00000000;00000;000000;       ;                                                       ;00000000;00000;000000;       ;                                                       ;00000000;00000;000000;       ;                                                       ;00000000;00000;000000;       ;                                                       ;00000000;00000;000000;       ;                                                       ;00000000;00000;000000;       ;                                                       ;00000000;00000;000000;       ;                                                       ;00000000;00000;000000
08;05;9;079;99;Gallegos de Altamiros                             ;99;99;00001;00000068;00000068;10000;00000063;09265;00000005;00735;00000000;00000;00000001;00159;000003;1003441;PP                                                     ;00000045;07258;000003;1030889;P.S.O.E.                                               ;00000016;02581;000000;1021736;TC                                                     ;00000005;00806;000000;       ;                                                       ;00000000;00000;000000;       ;                                                       ;00000000;00000;000000;       ;                                                       ;00000000;00000;000000;       ;                                                       ;00000000;00000;000000;       ;                                                       ;00000000;00000;000000;       ;                                                       ;00000000;00000;000000;       ;                                                       ;00000000;00000;000000;       ;                                                       ;00000000;00000;000000;       ;                                                       ;00000000;00000;000000;       ;                                                       ;00000000;00000;000000;       ;                                                       ;00000000;00000;000000;       ;                                                       ;00000000;00000;000000;       ;                                                       ;00000000;00000;000000;       ;                                                       ;00000000;00000;000000;       ;                                                       ;00000000;00000;000000;       ;                                                       ;00000000;00000;000000;       ;                                                       ;00000000;00000;000000;       ;                                                       ;00000000;00000;000000;       ;                                                       ;00000000;00000;000000;       ;                                                       ;00000000;00000;000000;       ;                                                       ;00000000;00000;000000;       ;                                                       ;00000000;00000;000000;       ;                                                       ;00000000;00000;000000;       ;                                                       ;00000000;00000;000000;       ;                                                       ;00000000;00000;000000;       ;                                                       ;00000000;00000;000000;       ;                                                       ;00000000;00000;000000;       ;                                                       ;00000000;00000;000000;       ;                                                       ;00000000;00000;000000;       ;                                                       ;00000000;00000;000000;       ;                                                       ;00000000;00000;000000;       ;                                                       ;00000000;00000;000000;       ;                                                       ;00000000;00000;000000;       ;                                                       ;00000000;00000;000000;       ;                                                       ;00000000;00000;000000;       ;                                                       ;00000000;00000;000000;       ;                                                       ;00000000;00000;000000;       ;                                                       ;00000000;00000;000000;       ;                                                       ;00000000;00000;000000;       ;                                                       ;00000000;00000;000000;       ;                                                       ;00000000;00000;000000;       ;                                                       ;00000000;00000;000000;       ;                                                       ;00000000;00000;000000;       ;                                                       ;00000000;00000;000000;       ;                                                       ;00000000;00000;000000;       ;                                                       ;00000000;00000;000000;       ;                                                       ;00000000;00000;000000
08;05;9;080;99;Gallegos de Sobrinos                              ;99;99;00001;00000044;00000044;10000;00000032;07273;00000012;02727;00000000;00000;00000002;00625;000003;1003441;PP                                                     ;00000023;07667;000002;1030889;P.S.O.E.                                               ;00000006;02000;000001;       ;                                                       ;00000000;00000;000000;       ;                                                       ;00000000;00000;000000;       ;                                                       ;00000000;00000;000000;       ;                                                       ;00000000;00000;000000;       ;                                                       ;00000000;00000;000000;       ;                                                       ;00000000;00000;000000;       ;                                                       ;00000000;00000;000000;       ;                                                       ;00000000;00000;000000;       ;                                                       ;00000000;00000;000000;       ;                                                       ;00000000;00000;000000;       ;                                                       ;00000000;00000;000000;       ;                                                       ;00000000;00000;000000;       ;                                                       ;00000000;00000;000000;       ;                                                       ;00000000;00000;000000;       ;                                                       ;00000000;00000;000000;       ;                                                       ;00000000;00000;000000;       ;                                                       ;00000000;00000;000000;       ;                                                       ;00000000;00000;000000;       ;                                                       ;00000000;00000;000000;       ;                                                       ;00000000;00000;000000;       ;                                                       ;00000000;00000;000000;       ;                                                       ;00000000;00000;000000;       ;                                                       ;00000000;00000;000000;       ;                                                       ;00000000;00000;000000;       ;                                                       ;00000000;00000;000000;       ;                                                       ;00000000;00000;000000;       ;                                                       ;00000000;00000;000000;       ;                                                       ;00000000;00000;000000;       ;                                                       ;00000000;00000;000000;       ;                                                       ;00000000;00000;000000;       ;                                                       ;00000000;00000;000000;       ;                                                       ;00000000;00000;000000;       ;                                                       ;00000000;00000;000000;       ;                                                       ;00000000;00000;000000;       ;                                                       ;00000000;00000;000000;       ;                                                       ;00000000;00000;000000;       ;                                                       ;00000000;00000;000000;       ;                                                       ;00000000;00000;000000;       ;                                                       ;00000000;00000;000000;       ;                                                       ;00000000;00000;000000;       ;                                                       ;00000000;00000;000000;       ;                                                       ;00000000;00000;000000;       ;                                                       ;00000000;00000;000000;       ;                                                       ;00000000;00000;000000;       ;                                                       ;00000000;00000;000000;       ;                                                       ;00000000;00000;000000;       ;                                                       ;00000000;00000;000000;       ;                                                       ;00000000;00000;000000
08;05;9;081;99;Garganta del Villar                               ;99;99;00001;00000037;00000037;10000;00000034;09189;00000003;00811;00000000;00000;00000000;00000;000003;1003441;PP                                                     ;00000025;07353;000003;1030889;P.S.O.E.                                               ;00000006;01765;000000;       ;                                                       ;00000000;00000;000000;       ;                                                       ;00000000;00000;000000;       ;                                                       ;00000000;00000;000000;       ;                                                       ;00000000;00000;000000;       ;                                                       ;00000000;00000;000000;       ;                                                       ;00000000;00000;000000;       ;                                                       ;00000000;00000;000000;       ;                                                       ;00000000;00000;000000;       ;                                                       ;00000000;00000;000000;       ;                                                       ;00000000;00000;000000;       ;                                                       ;00000000;00000;000000;       ;                                                       ;00000000;00000;000000;       ;                                                       ;00000000;00000;000000;       ;                                                       ;00000000;00000;000000;       ;                                                       ;00000000;00000;000000;       ;                                                       ;00000000;00000;000000;       ;                                                       ;00000000;00000;000000;       ;                                                       ;00000000;00000;000000;       ;                                                       ;00000000;00000;000000;       ;                                                       ;00000000;00000;000000;       ;                                                       ;00000000;00000;000000;       ;                                                       ;00000000;00000;000000;       ;                                                       ;00000000;00000;000000;       ;                                                       ;00000000;00000;000000;       ;                                                       ;00000000;00000;000000;       ;                                                       ;00000000;00000;000000;       ;                                                       ;00000000;00000;000000;       ;                                                       ;00000000;00000;000000;       ;                                                       ;00000000;00000;000000;       ;                                                       ;00000000;00000;000000;       ;                                                       ;00000000;00000;000000;       ;                                                       ;00000000;00000;000000;       ;                                                       ;00000000;00000;000000;       ;                                                       ;00000000;00000;000000;       ;                                                       ;00000000;00000;000000;       ;                                                       ;00000000;00000;000000;       ;                                                       ;00000000;00000;000000;       ;                                                       ;00000000;00000;000000;       ;                                                       ;00000000;00000;000000;       ;                                                       ;00000000;00000;000000;       ;                                                       ;00000000;00000;000000;       ;                                                       ;00000000;00000;000000;       ;                                                       ;00000000;00000;000000;       ;                                                       ;00000000;00000;000000;       ;                                                       ;00000000;00000;000000;       ;                                                       ;00000000;00000;000000;       ;                                                       ;00000000;00000;000000;       ;                                                       ;00000000;00000;000000
08;05;9;082;99;Gavilanes                                         ;99;99;00001;00000501;00000501;10000;00000420;08383;00000081;01617;00000002;00049;00000008;00190;000007;1003441;PP                                                     ;00000274;06650;000005;1030889;P.S.O.E.                                               ;00000136;03301;000002;       ;                                                       ;00000000;00000;000000;       ;                                                       ;00000000;00000;000000;       ;                                                       ;00000000;00000;000000;       ;                                                       ;00000000;00000;000000;       ;                                                       ;00000000;00000;000000;       ;                                                       ;00000000;00000;000000;       ;                                                       ;00000000;00000;000000;       ;                                                       ;00000000;00000;000000;       ;                                                       ;00000000;00000;000000;       ;                                                       ;00000000;00000;000000;       ;                                                       ;00000000;00000;000000;       ;                                                       ;00000000;00000;000000;       ;                                                       ;00000000;00000;000000;       ;                                                       ;00000000;00000;000000;       ;                                                       ;00000000;00000;000000;       ;                                                       ;00000000;00000;000000;       ;                                                       ;00000000;00000;000000;       ;                                                       ;00000000;00000;000000;       ;                                                       ;00000000;00000;000000;       ;                                                       ;00000000;00000;000000;       ;                                                       ;00000000;00000;000000;       ;                                                       ;00000000;00000;000000;       ;                                                       ;00000000;00000;000000;       ;                                                       ;00000000;00000;000000;       ;                                                       ;00000000;00000;000000;       ;                                                       ;00000000;00000;000000;       ;                                                       ;00000000;00000;000000;       ;                                                       ;00000000;00000;000000;       ;                                                       ;00000000;00000;000000;       ;                                                       ;00000000;00000;000000;       ;                                                       ;00000000;00000;000000;       ;                                                       ;00000000;00000;000000;       ;                                                       ;00000000;00000;000000;       ;                                                       ;00000000;00000;000000;       ;                                                       ;00000000;00000;000000;       ;                                                       ;00000000;00000;000000;       ;                                                       ;00000000;00000;000000;       ;                                                       ;00000000;00000;000000;       ;                                                       ;00000000;00000;000000;       ;                                                       ;00000000;00000;000000;       ;                                                       ;00000000;00000;000000;       ;                                                       ;00000000;00000;000000;       ;                                                       ;00000000;00000;000000;       ;                                                       ;00000000;00000;000000;       ;                                                       ;00000000;00000;000000;       ;                                                       ;00000000;00000;000000;       ;                                                       ;00000000;00000;000000;       ;                                                       ;00000000;00000;000000
08;05;9;083;99;Gemuño                                            ;99;99;00001;00000140;00000140;10000;00000099;07071;00000041;02929;00000001;00103;00000002;00202;000005;1003441;PP                                                     ;00000057;05876;000004;1022852;XAV                                                    ;00000022;02268;000001;1030889;P.S.O.E.                                               ;00000020;02062;000000;       ;                                                       ;00000000;00000;000000;       ;                                                       ;00000000;00000;000000;       ;                                                       ;00000000;00000;000000;       ;                                                       ;00000000;00000;000000;       ;                                                       ;00000000;00000;000000;       ;                                                       ;00000000;00000;000000;       ;                                                       ;00000000;00000;000000;       ;                                                       ;00000000;00000;000000;       ;                                                       ;00000000;00000;000000;       ;                                                       ;00000000;00000;000000;       ;                                                       ;00000000;00000;000000;       ;                                                       ;00000000;00000;000000;       ;                                                       ;00000000;00000;000000;       ;                                                       ;00000000;00000;000000;       ;                                                       ;00000000;00000;000000;       ;                                                       ;00000000;00000;000000;       ;                                                       ;00000000;00000;000000;       ;                                                       ;00000000;00000;000000;       ;                                                       ;00000000;00000;000000;       ;                                                       ;00000000;00000;000000;       ;                                                       ;00000000;00000;000000;       ;                                                       ;00000000;00000;000000;       ;                                                       ;00000000;00000;000000;       ;                                                       ;00000000;00000;000000;       ;                                                       ;00000000;00000;000000;       ;                                                       ;00000000;00000;000000;       ;                                                       ;00000000;00000;000000;       ;                                                       ;00000000;00000;000000;       ;                                                       ;00000000;00000;000000;       ;                                                       ;00000000;00000;000000;       ;                                                       ;00000000;00000;000000;       ;                                                       ;00000000;00000;000000;       ;                                                       ;00000000;00000;000000;       ;                                                       ;00000000;00000;000000;       ;                                                       ;00000000;00000;000000;       ;                                                       ;00000000;00000;000000;       ;                                                       ;00000000;00000;000000;       ;                                                       ;00000000;00000;000000;       ;                                                       ;00000000;00000;000000;       ;                                                       ;00000000;00000;000000;       ;                                                       ;00000000;00000;000000;       ;                                                       ;00000000;00000;000000;       ;                                                       ;00000000;00000;000000;       ;                                                       ;00000000;00000;000000;       ;                                                       ;00000000;00000;000000;       ;                                                       ;00000000;00000;000000;       ;                                                       ;00000000;00000;000000
08;05;9;085;99;Gil García                                        ;99;99;00001;00000030;00000030;10000;00000028;09333;00000002;00667;00000000;00000;00000001;00357;000003;1003441;PP                                                     ;00000020;07407;000003;1030889;P.S.O.E.                                               ;00000002;00741;000000;       ;                                                       ;00000000;00000;000000;       ;                                                       ;00000000;00000;000000;       ;                                                       ;00000000;00000;000000;       ;                                                       ;00000000;00000;000000;       ;                                                       ;00000000;00000;000000;       ;                                                       ;00000000;00000;000000;       ;                                                       ;00000000;00000;000000;       ;                                                       ;00000000;00000;000000;       ;                                                       ;00000000;00000;000000;       ;                                                       ;00000000;00000;000000;       ;                                                       ;00000000;00000;000000;       ;                                                       ;00000000;00000;000000;       ;                                                       ;00000000;00000;000000;       ;                                                       ;00000000;00000;000000;       ;                                                       ;00000000;00000;000000;       ;                                                       ;00000000;00000;000000;       ;                                                       ;00000000;00000;000000;       ;                                                       ;00000000;00000;000000;       ;                                                       ;00000000;00000;000000;       ;                                                       ;00000000;00000;000000;       ;                                                       ;00000000;00000;000000;       ;                                                       ;00000000;00000;000000;       ;                                                       ;00000000;00000;000000;       ;                                                       ;00000000;00000;000000;       ;                                                       ;00000000;00000;000000;       ;                                                       ;00000000;00000;000000;       ;                                                       ;00000000;00000;000000;       ;                                                       ;00000000;00000;000000;       ;                                                       ;00000000;00000;000000;       ;                                                       ;00000000;00000;000000;       ;                                                       ;00000000;00000;000000;       ;                                                       ;00000000;00000;000000;       ;                                                       ;00000000;00000;000000;       ;                                                       ;00000000;00000;000000;       ;                                                       ;00000000;00000;000000;       ;                                                       ;00000000;00000;000000;       ;                                                       ;00000000;00000;000000;       ;                                                       ;00000000;00000;000000;       ;                                                       ;00000000;00000;000000;       ;                                                       ;00000000;00000;000000;       ;                                                       ;00000000;00000;000000;       ;                                                       ;00000000;00000;000000;       ;                                                       ;00000000;00000;000000;       ;                                                       ;00000000;00000;000000;       ;                                                       ;00000000;00000;000000;       ;                                                       ;00000000;00000;000000;       ;                                                       ;00000000;00000;000000;       ;                                                       ;00000000;00000;000000
08;05;9;084;99;Gilbuena                                          ;99;99;00001;00000068;00000068;10000;00000049;07206;00000019;02794;00000000;00000;00000000;00000;000003;1030889;P.S.O.E.                                               ;00000044;08980;000003;1003441;PP                                                     ;00000004;00816;000000;       ;                                                       ;00000000;00000;000000;       ;                                                       ;00000000;00000;000000;       ;                                                       ;00000000;00000;000000;       ;                                                       ;00000000;00000;000000;       ;                                                       ;00000000;00000;000000;       ;                                                       ;00000000;00000;000000;       ;                                                       ;00000000;00000;000000;       ;                                                       ;00000000;00000;000000;       ;                                                       ;00000000;00000;000000;       ;                                                       ;00000000;00000;000000;       ;                                                       ;00000000;00000;000000;       ;                                                       ;00000000;00000;000000;       ;                                                       ;00000000;00000;000000;       ;                                                       ;00000000;00000;000000;       ;                                                       ;00000000;00000;000000;       ;                                                       ;00000000;00000;000000;       ;                                                       ;00000000;00000;000000;       ;                                                       ;00000000;00000;000000;       ;                                                       ;00000000;00000;000000;       ;                                                       ;00000000;00000;000000;       ;                                                       ;00000000;00000;000000;       ;                                                       ;00000000;00000;000000;       ;                                                       ;00000000;00000;000000;       ;                                                       ;00000000;00000;000000;       ;                                                       ;00000000;00000;000000;       ;                                                       ;00000000;00000;000000;       ;                                                       ;00000000;00000;000000;       ;                                                       ;00000000;00000;000000;       ;                                                       ;00000000;00000;000000;       ;                                                       ;00000000;00000;000000;       ;                                                       ;00000000;00000;000000;       ;                                                       ;00000000;00000;000000;       ;                                                       ;00000000;00000;000000;       ;                                                       ;00000000;00000;000000;       ;                                                       ;00000000;00000;000000;       ;                                                       ;00000000;00000;000000;       ;                                                       ;00000000;00000;000000;       ;                                                       ;00000000;00000;000000;       ;                                                       ;00000000;00000;000000;       ;                                                       ;00000000;00000;000000;       ;                                                       ;00000000;00000;000000;       ;                                                       ;00000000;00000;000000;       ;                                                       ;00000000;00000;000000;       ;                                                       ;00000000;00000;000000;       ;                                                       ;00000000;00000;000000;       ;                                                       ;00000000;00000;000000;       ;                                                       ;00000000;00000;000000;       ;                                                       ;00000000;00000;000000
08;05;9;086;99;Gimialcón                                         ;99;99;00001;00000076;00000076;10000;00000056;07368;00000020;02632;00000001;00182;00000001;00179;000003;1003441;PP                                                     ;00000040;07273;000003;1030889;P.S.O.E.                                               ;00000001;00182;000000;       ;                                                       ;00000000;00000;000000;       ;                                                       ;00000000;00000;000000;       ;                                                       ;00000000;00000;000000;       ;                                                       ;00000000;00000;000000;       ;                                                       ;00000000;00000;000000;       ;                                                       ;00000000;00000;000000;       ;                                                       ;00000000;00000;000000;       ;                                                       ;00000000;00000;000000;       ;                                                       ;00000000;00000;000000;       ;                                                       ;00000000;00000;000000;       ;                                                       ;00000000;00000;000000;       ;                                                       ;00000000;00000;000000;       ;                                                       ;00000000;00000;000000;       ;                                                       ;00000000;00000;000000;       ;                                                       ;00000000;00000;000000;       ;                                                       ;00000000;00000;000000;       ;                                                       ;00000000;00000;000000;       ;                                                       ;00000000;00000;000000;       ;                                                       ;00000000;00000;000000;       ;                                                       ;00000000;00000;000000;       ;                                                       ;00000000;00000;000000;       ;                                                       ;00000000;00000;000000;       ;                                                       ;00000000;00000;000000;       ;                                                       ;00000000;00000;000000;       ;                                                       ;00000000;00000;000000;       ;                                                       ;00000000;00000;000000;       ;                                                       ;00000000;00000;000000;       ;                                                       ;00000000;00000;000000;       ;                                                       ;00000000;00000;000000;       ;                                                       ;00000000;00000;000000;       ;                                                       ;00000000;00000;000000;       ;                                                       ;00000000;00000;000000;       ;                                                       ;00000000;00000;000000;       ;                                                       ;00000000;00000;000000;       ;                                                       ;00000000;00000;000000;       ;                                                       ;00000000;00000;000000;       ;                                                       ;00000000;00000;000000;       ;                                                       ;00000000;00000;000000;       ;                                                       ;00000000;00000;000000;       ;                                                       ;00000000;00000;000000;       ;                                                       ;00000000;00000;000000;       ;                                                       ;00000000;00000;000000;       ;                                                       ;00000000;00000;000000;       ;                                                       ;00000000;00000;000000;       ;                                                       ;00000000;00000;000000;       ;                                                       ;00000000;00000;000000;       ;                                                       ;00000000;00000;000000;       ;                                                       ;00000000;00000;000000
08;05;9;087;99;Gotarrendura                                      ;99;99;00001;00000149;00000149;10000;00000097;06510;00000052;03490;00000002;00225;00000008;00825;000005;1003441;PP                                                     ;00000067;07528;000004;1030889;P.S.O.E.                                               ;00000017;01910;000001;       ;                                                       ;00000000;00000;000000;       ;                                                       ;00000000;00000;000000;       ;                                                       ;00000000;00000;000000;       ;                                                       ;00000000;00000;000000;       ;                                                       ;00000000;00000;000000;       ;                                                       ;00000000;00000;000000;       ;                                                       ;00000000;00000;000000;       ;                                                       ;00000000;00000;000000;       ;                                                       ;00000000;00000;000000;       ;                                                       ;00000000;00000;000000;       ;                                                       ;00000000;00000;000000;       ;                                                       ;00000000;00000;000000;       ;                                                       ;00000000;00000;000000;       ;                                                       ;00000000;00000;000000;       ;                                                       ;00000000;00000;000000;       ;                                                       ;00000000;00000;000000;       ;                                                       ;00000000;00000;000000;       ;                                                       ;00000000;00000;000000;       ;                                                       ;00000000;00000;000000;       ;                                                       ;00000000;00000;000000;       ;                                                       ;00000000;00000;000000;       ;                                                       ;00000000;00000;000000;       ;                                                       ;00000000;00000;000000;       ;                                                       ;00000000;00000;000000;       ;                                                       ;00000000;00000;000000;       ;                                                       ;00000000;00000;000000;       ;                                                       ;00000000;00000;000000;       ;                                                       ;00000000;00000;000000;       ;                                                       ;00000000;00000;000000;       ;                                                       ;00000000;00000;000000;       ;                                                       ;00000000;00000;000000;       ;                                                       ;00000000;00000;000000;       ;                                                       ;00000000;00000;000000;       ;                                                       ;00000000;00000;000000;       ;                                                       ;00000000;00000;000000;       ;                                                       ;00000000;00000;000000;       ;                                                       ;00000000;00000;000000;       ;                                                       ;00000000;00000;000000;       ;                                                       ;00000000;00000;000000;       ;                                                       ;00000000;00000;000000;       ;                                                       ;00000000;00000;000000;       ;                                                       ;00000000;00000;000000;       ;                                                       ;00000000;00000;000000;       ;                                                       ;00000000;00000;000000;       ;                                                       ;00000000;00000;000000;       ;                                                       ;00000000;00000;000000;       ;                                                       ;00000000;00000;000000;       ;                                                       ;00000000;00000;000000
08;05;9;088;99;Grandes y San Martín                              ;99;99;00001;00000030;00000030;10000;00000027;09000;00000003;01000;00000000;00000;00000000;00000;000003;9689014;Cs                                                     ;00000014;05185;000002;1003441;PP                                                     ;00000012;04444;000001;1030889;P.S.O.E.                                               ;00000000;00000;000000;       ;                                                       ;00000000;00000;000000;       ;                                                       ;00000000;00000;000000;       ;                                                       ;00000000;00000;000000;       ;                                                       ;00000000;00000;000000;       ;                                                       ;00000000;00000;000000;       ;                                                       ;00000000;00000;000000;       ;                                                       ;00000000;00000;000000;       ;                                                       ;00000000;00000;000000;       ;                                                       ;00000000;00000;000000;       ;                                                       ;00000000;00000;000000;       ;                                                       ;00000000;00000;000000;       ;                                                       ;00000000;00000;000000;       ;                                                       ;00000000;00000;000000;       ;                                                       ;00000000;00000;000000;       ;                                                       ;00000000;00000;000000;       ;                                                       ;00000000;00000;000000;       ;                                                       ;00000000;00000;000000;       ;                                                       ;00000000;00000;000000;       ;                                                       ;00000000;00000;000000;       ;                                                       ;00000000;00000;000000;       ;                                                       ;00000000;00000;000000;       ;                                                       ;00000000;00000;000000;       ;                                                       ;00000000;00000;000000;       ;                                                       ;00000000;00000;000000;       ;                                                       ;00000000;00000;000000;       ;                                                       ;00000000;00000;000000;       ;                                                       ;00000000;00000;000000;       ;                                                       ;00000000;00000;000000;       ;                                                       ;00000000;00000;000000;       ;                                                       ;00000000;00000;000000;       ;                                                       ;00000000;00000;000000;       ;                                                       ;00000000;00000;000000;       ;                                                       ;00000000;00000;000000;       ;                                                       ;00000000;00000;000000;       ;                                                       ;00000000;00000;000000;       ;                                                       ;00000000;00000;000000;       ;                                                       ;00000000;00000;000000;       ;                                                       ;00000000;00000;000000;       ;                                                       ;00000000;00000;000000;       ;                                                       ;00000000;00000;000000;       ;                                                       ;00000000;00000;000000;       ;                                                       ;00000000;00000;000000;       ;                                                       ;00000000;00000;000000;       ;                                                       ;00000000;00000;000000;       ;                                                       ;00000000;00000;000000;       ;                                                       ;00000000;00000;000000;       ;                                                       ;00000000;00000;000000
08;05;9;089;99;Guisando                                          ;99;99;00001;00000454;00000454;10000;00000376;08282;00000078;01718;00000009;00280;00000055;01463;000007;1003441;PP                                                     ;00000186;05794;000004;1030889;P.S.O.E.                                               ;00000126;03925;000003;       ;                                                       ;00000000;00000;000000;       ;                                                       ;00000000;00000;000000;       ;                                                       ;00000000;00000;000000;       ;                                                       ;00000000;00000;000000;       ;                                                       ;00000000;00000;000000;       ;                                                       ;00000000;00000;000000;       ;                                                       ;00000000;00000;000000;       ;                                                       ;00000000;00000;000000;       ;                                                       ;00000000;00000;000000;       ;                                                       ;00000000;00000;000000;       ;                                                       ;00000000;00000;000000;       ;                                                       ;00000000;00000;000000;       ;                                                       ;00000000;00000;000000;       ;                                                       ;00000000;00000;000000;       ;                                                       ;00000000;00000;000000;       ;                                                       ;00000000;00000;000000;       ;                                                       ;00000000;00000;000000;       ;                                                       ;00000000;00000;000000;       ;                                                       ;00000000;00000;000000;       ;                                                       ;00000000;00000;000000;       ;                                                       ;00000000;00000;000000;       ;                                                       ;00000000;00000;000000;       ;                                                       ;00000000;00000;000000;       ;                                                       ;00000000;00000;000000;       ;                                                       ;00000000;00000;000000;       ;                                                       ;00000000;00000;000000;       ;                                                       ;00000000;00000;000000;       ;                                                       ;00000000;00000;000000;       ;                                                       ;00000000;00000;000000;       ;                                                       ;00000000;00000;000000;       ;                                                       ;00000000;00000;000000;       ;                                                       ;00000000;00000;000000;       ;                                                       ;00000000;00000;000000;       ;                                                       ;00000000;00000;000000;       ;                                                       ;00000000;00000;000000;       ;                                                       ;00000000;00000;000000;       ;                                                       ;00000000;00000;000000;       ;                                                       ;00000000;00000;000000;       ;                                                       ;00000000;00000;000000;       ;                                                       ;00000000;00000;000000;       ;                                                       ;00000000;00000;000000;       ;                                                       ;00000000;00000;000000;       ;                                                       ;00000000;00000;000000;       ;                                                       ;00000000;00000;000000;       ;                                                       ;00000000;00000;000000;       ;                                                       ;00000000;00000;000000;       ;                                                       ;00000000;00000;000000;       ;                                                       ;00000000;00000;000000
08;05;9;090;99;Gutierre-Muñoz                                    ;99;99;00001;00000077;00000077;10000;00000071;09221;00000006;00779;00000003;00441;00000003;00423;000003;1003441;PP                                                     ;00000046;06765;000002;1030889;P.S.O.E.                                               ;00000012;01765;000001;       ;                                                       ;00000000;00000;000000;       ;                                                       ;00000000;00000;000000;       ;                                                       ;00000000;00000;000000;       ;                                                       ;00000000;00000;000000;       ;                                                       ;00000000;00000;000000;       ;                                                       ;00000000;00000;000000;       ;                                                       ;00000000;00000;000000;       ;                                                       ;00000000;00000;000000;       ;                                                       ;00000000;00000;000000;       ;                                                       ;00000000;00000;000000;       ;                                                       ;00000000;00000;000000;       ;                                                       ;00000000;00000;000000;       ;                                                       ;00000000;00000;000000;       ;                                                       ;00000000;00000;000000;       ;                                                       ;00000000;00000;000000;       ;                                                       ;00000000;00000;000000;       ;                                                       ;00000000;00000;000000;       ;                                                       ;00000000;00000;000000;       ;                                                       ;00000000;00000;000000;       ;                                                       ;00000000;00000;000000;       ;                                                       ;00000000;00000;000000;       ;                                                       ;00000000;00000;000000;       ;                                                       ;00000000;00000;000000;       ;                                                       ;00000000;00000;000000;       ;                                                       ;00000000;00000;000000;       ;                                                       ;00000000;00000;000000;       ;                                                       ;00000000;00000;000000;       ;                                                       ;00000000;00000;000000;       ;                                                       ;00000000;00000;000000;       ;                                                       ;00000000;00000;000000;       ;                                                       ;00000000;00000;000000;       ;                                                       ;00000000;00000;000000;       ;                                                       ;00000000;00000;000000;       ;                                                       ;00000000;00000;000000;       ;                                                       ;00000000;00000;000000;       ;                                                       ;00000000;00000;000000;       ;                                                       ;00000000;00000;000000;       ;                                                       ;00000000;00000;000000;       ;                                                       ;00000000;00000;000000;       ;                                                       ;00000000;00000;000000;       ;                                                       ;00000000;00000;000000;       ;                                                       ;00000000;00000;000000;       ;                                                       ;00000000;00000;000000;       ;                                                       ;00000000;00000;000000;       ;                                                       ;00000000;00000;000000;       ;                                                       ;00000000;00000;000000;       ;                                                       ;00000000;00000;000000;       ;                                                       ;00000000;00000;000000
08;05;9;092;99;Hernansancho                                      ;99;99;00001;00000146;00000146;10000;00000117;08014;00000029;01986;00000006;00541;00000006;00513;000005;1003441;PP                                                     ;00000060;05405;000004;1030889;P.S.O.E.                                               ;00000023;02072;000001;       ;                                                       ;00000000;00000;000000;       ;                                                       ;00000000;00000;000000;       ;                                                       ;00000000;00000;000000;       ;                                                       ;00000000;00000;000000;       ;                                                       ;00000000;00000;000000;       ;                                                       ;00000000;00000;000000;       ;                                                       ;00000000;00000;000000;       ;                                                       ;00000000;00000;000000;       ;                                                       ;00000000;00000;000000;       ;                                                       ;00000000;00000;000000;       ;                                                       ;00000000;00000;000000;       ;                                                       ;00000000;00000;000000;       ;                                                       ;00000000;00000;000000;       ;                                                       ;00000000;00000;000000;       ;                                                       ;00000000;00000;000000;       ;                                                       ;00000000;00000;000000;       ;                                                       ;00000000;00000;000000;       ;                                                       ;00000000;00000;000000;       ;                                                       ;00000000;00000;000000;       ;                                                       ;00000000;00000;000000;       ;                                                       ;00000000;00000;000000;       ;                                                       ;00000000;00000;000000;       ;                                                       ;00000000;00000;000000;       ;                                                       ;00000000;00000;000000;       ;                                                       ;00000000;00000;000000;       ;                                                       ;00000000;00000;000000;       ;                                                       ;00000000;00000;000000;       ;                                                       ;00000000;00000;000000;       ;                                                       ;00000000;00000;000000;       ;                                                       ;00000000;00000;000000;       ;                                                       ;00000000;00000;000000;       ;                                                       ;00000000;00000;000000;       ;                                                       ;00000000;00000;000000;       ;                                                       ;00000000;00000;000000;       ;                                                       ;00000000;00000;000000;       ;                                                       ;00000000;00000;000000;       ;                                                       ;00000000;00000;000000;       ;                                                       ;00000000;00000;000000;       ;                                                       ;00000000;00000;000000;       ;                                                       ;00000000;00000;000000;       ;                                                       ;00000000;00000;000000;       ;                                                       ;00000000;00000;000000;       ;                                                       ;00000000;00000;000000;       ;                                                       ;00000000;00000;000000;       ;                                                       ;00000000;00000;000000;       ;                                                       ;00000000;00000;000000;       ;                                                       ;00000000;00000;000000;       ;                                                       ;00000000;00000;000000
08;05;9;093;99;Herradón de Pinares                               ;99;99;00001;00000354;00000354;10000;00000301;08503;00000053;01497;00000009;00303;00000004;00133;000007;1003441;PP                                                     ;00000111;03737;000003;1030889;P.S.O.E.                                               ;00000080;02694;000002;1022852;XAV                                                    ;00000069;02323;000002;1002889;UDEC                                                   ;00000028;00943;000000;       ;                                                       ;00000000;00000;000000;       ;                                                       ;00000000;00000;000000;       ;                                                       ;00000000;00000;000000;       ;                                                       ;00000000;00000;000000;       ;                                                       ;00000000;00000;000000;       ;                                                       ;00000000;00000;000000;       ;                                                       ;00000000;00000;000000;       ;                                                       ;00000000;00000;000000;       ;                                                       ;00000000;00000;000000;       ;                                                       ;00000000;00000;000000;       ;                                                       ;00000000;00000;000000;       ;                                                       ;00000000;00000;000000;       ;                                                       ;00000000;00000;000000;       ;                                                       ;00000000;00000;000000;       ;                                                       ;00000000;00000;000000;       ;                                                       ;00000000;00000;000000;       ;                                                       ;00000000;00000;000000;       ;                                                       ;00000000;00000;000000;       ;                                                       ;00000000;00000;000000;       ;                                                       ;00000000;00000;000000;       ;                                                       ;00000000;00000;000000;       ;                                                       ;00000000;00000;000000;       ;                                                       ;00000000;00000;000000;       ;                                                       ;00000000;00000;000000;       ;                                                       ;00000000;00000;000000;       ;                                                       ;00000000;00000;000000;       ;                                                       ;00000000;00000;000000;       ;                                                       ;00000000;00000;000000;       ;                                                       ;00000000;00000;000000;       ;                                                       ;00000000;00000;000000;       ;                                                       ;00000000;00000;000000;       ;                                                       ;00000000;00000;000000;       ;                                                       ;00000000;00000;000000;       ;                                                       ;00000000;00000;000000;       ;                                                       ;00000000;00000;000000;       ;                                                       ;00000000;00000;000000;       ;                                                       ;00000000;00000;000000;       ;                                                       ;00000000;00000;000000;       ;                                                       ;00000000;00000;000000;       ;                                                       ;00000000;00000;000000;       ;                                                       ;00000000;00000;000000;       ;                                                       ;00000000;00000;000000;       ;                                                       ;00000000;00000;000000;       ;                                                       ;00000000;00000;000000;       ;                                                       ;00000000;00000;000000;       ;                                                       ;00000000;00000;000000
08;05;9;094;99;Herreros de Suso                                  ;99;99;00001;00000132;00000132;10000;00000117;08864;00000015;01136;00000002;00171;00000000;00000;000005;1003441;PP                                                     ;00000076;06496;000004;1026165;VOX                                                    ;00000034;02906;000001;1030889;P.S.O.E.                                               ;00000013;01111;000000;       ;                                                       ;00000000;00000;000000;       ;                                                       ;00000000;00000;000000;       ;                                                       ;00000000;00000;000000;       ;                                                       ;00000000;00000;000000;       ;                                                       ;00000000;00000;000000;       ;                                                       ;00000000;00000;000000;       ;                                                       ;00000000;00000;000000;       ;                                                       ;00000000;00000;000000;       ;                                                       ;00000000;00000;000000;       ;                                                       ;00000000;00000;000000;       ;                                                       ;00000000;00000;000000;       ;                                                       ;00000000;00000;000000;       ;                                                       ;00000000;00000;000000;       ;                                                       ;00000000;00000;000000;       ;                                                       ;00000000;00000;000000;       ;                                                       ;00000000;00000;000000;       ;                                                       ;00000000;00000;000000;       ;                                                       ;00000000;00000;000000;       ;                                                       ;00000000;00000;000000;       ;                                                       ;00000000;00000;000000;       ;                                                       ;00000000;00000;000000;       ;                                                       ;00000000;00000;000000;       ;                                                       ;00000000;00000;000000;       ;                                                       ;00000000;00000;000000;       ;                                                       ;00000000;00000;000000;       ;                                                       ;00000000;00000;000000;       ;                                                       ;00000000;00000;000000;       ;                                                       ;00000000;00000;000000;       ;                                                       ;00000000;00000;000000;       ;                                                       ;00000000;00000;000000;       ;                                                       ;00000000;00000;000000;       ;                                                       ;00000000;00000;000000;       ;                                                       ;00000000;00000;000000;       ;                                                       ;00000000;00000;000000;       ;                                                       ;00000000;00000;000000;       ;                                                       ;00000000;00000;000000;       ;                                                       ;00000000;00000;000000;       ;                                                       ;00000000;00000;000000;       ;                                                       ;00000000;00000;000000;       ;                                                       ;00000000;00000;000000;       ;                                                       ;00000000;00000;000000;       ;                                                       ;00000000;00000;000000;       ;                                                       ;00000000;00000;000000;       ;                                                       ;00000000;00000;000000;       ;                                                       ;00000000;00000;000000;       ;                                                       ;00000000;00000;000000;       ;                                                       ;00000000;00000;000000
08;05;9;095;99;Higuera de las Dueñas                             ;99;99;00001;00000238;00000238;10000;00000185;07773;00000053;02227;00000009;00517;00000011;00595;000007;1003441;PP                                                     ;00000114;06552;000005;1030889;P.S.O.E.                                               ;00000051;02931;000002;       ;                                                       ;00000000;00000;000000;       ;                                                       ;00000000;00000;000000;       ;                                                       ;00000000;00000;000000;       ;                                                       ;00000000;00000;000000;       ;                                                       ;00000000;00000;000000;       ;                                                       ;00000000;00000;000000;       ;                                                       ;00000000;00000;000000;       ;                                                       ;00000000;00000;000000;       ;                                                       ;00000000;00000;000000;       ;                                                       ;00000000;00000;000000;       ;                                                       ;00000000;00000;000000;       ;                                                       ;00000000;00000;000000;       ;                                                       ;00000000;00000;000000;       ;                                                       ;00000000;00000;000000;       ;                                                       ;00000000;00000;000000;       ;                                                       ;00000000;00000;000000;       ;                                                       ;00000000;00000;000000;       ;                                                       ;00000000;00000;000000;       ;                                                       ;00000000;00000;000000;       ;                                                       ;00000000;00000;000000;       ;                                                       ;00000000;00000;000000;       ;                                                       ;00000000;00000;000000;       ;                                                       ;00000000;00000;000000;       ;                                                       ;00000000;00000;000000;       ;                                                       ;00000000;00000;000000;       ;                                                       ;00000000;00000;000000;       ;                                                       ;00000000;00000;000000;       ;                                                       ;00000000;00000;000000;       ;                                                       ;00000000;00000;000000;       ;                                                       ;00000000;00000;000000;       ;                                                       ;00000000;00000;000000;       ;                                                       ;00000000;00000;000000;       ;                                                       ;00000000;00000;000000;       ;                                                       ;00000000;00000;000000;       ;                                                       ;00000000;00000;000000;       ;                                                       ;00000000;00000;000000;       ;                                                       ;00000000;00000;000000;       ;                                                       ;00000000;00000;000000;       ;                                                       ;00000000;00000;000000;       ;                                                       ;00000000;00000;000000;       ;                                                       ;00000000;00000;000000;       ;                                                       ;00000000;00000;000000;       ;                                                       ;00000000;00000;000000;       ;                                                       ;00000000;00000;000000;       ;                                                       ;00000000;00000;000000;       ;                                                       ;00000000;00000;000000;       ;                                                       ;00000000;00000;000000;       ;                                                       ;00000000;00000;000000
08;05;9;096;99;Hija de Dios, La                                  ;99;99;00001;00000080;00000080;10000;00000063;07875;00000017;02125;00000000;00000;00000004;00635;000003;1030889;P.S.O.E.                                               ;00000045;07627;000003;1003441;PP                                                     ;00000008;01356;000000;       ;                                                       ;00000000;00000;000000;       ;                                                       ;00000000;00000;000000;       ;                                                       ;00000000;00000;000000;       ;                                                       ;00000000;00000;000000;       ;                                                       ;00000000;00000;000000;       ;                                                       ;00000000;00000;000000;       ;                                                       ;00000000;00000;000000;       ;                                                       ;00000000;00000;000000;       ;                                                       ;00000000;00000;000000;       ;                                                       ;00000000;00000;000000;       ;                                                       ;00000000;00000;000000;       ;                                                       ;00000000;00000;000000;       ;                                                       ;00000000;00000;000000;       ;                                                       ;00000000;00000;000000;       ;                                                       ;00000000;00000;000000;       ;                                                       ;00000000;00000;000000;       ;                                                       ;00000000;00000;000000;       ;                                                       ;00000000;00000;000000;       ;                                                       ;00000000;00000;000000;       ;                                                       ;00000000;00000;000000;       ;                                                       ;00000000;00000;000000;       ;                                                       ;00000000;00000;000000;       ;                                                       ;00000000;00000;000000;       ;                                                       ;00000000;00000;000000;       ;                                                       ;00000000;00000;000000;       ;                                                       ;00000000;00000;000000;       ;                                                       ;00000000;00000;000000;       ;                                                       ;00000000;00000;000000;       ;                                                       ;00000000;00000;000000;       ;                                                       ;00000000;00000;000000;       ;                                                       ;00000000;00000;000000;       ;                                                       ;00000000;00000;000000;       ;                                                       ;00000000;00000;000000;       ;                                                       ;00000000;00000;000000;       ;                                                       ;00000000;00000;000000;       ;                                                       ;00000000;00000;000000;       ;                                                       ;00000000;00000;000000;       ;                                                       ;00000000;00000;000000;       ;                                                       ;00000000;00000;000000;       ;                                                       ;00000000;00000;000000;       ;                                                       ;00000000;00000;000000;       ;                                                       ;00000000;00000;000000;       ;                                                       ;00000000;00000;000000;       ;                                                       ;00000000;00000;000000;       ;                                                       ;00000000;00000;000000;       ;                                                       ;00000000;00000;000000;       ;                                                       ;00000000;00000;000000;       ;                                                       ;00000000;00000;000000
08;05;9;097;99;Horcajada, La                                     ;99;99;00001;00000475;00000475;10000;00000395;08316;00000080;01684;00000003;00076;00000002;00051;000007;1003441;PP                                                     ;00000195;04962;000004;1030889;P.S.O.E.                                               ;00000178;04529;000003;9689014;Cs                                                     ;00000017;00433;000000;       ;                                                       ;00000000;00000;000000;       ;                                                       ;00000000;00000;000000;       ;                                                       ;00000000;00000;000000;       ;                                                       ;00000000;00000;000000;       ;                                                       ;00000000;00000;000000;       ;                                                       ;00000000;00000;000000;       ;                                                       ;00000000;00000;000000;       ;                                                       ;00000000;00000;000000;       ;                                                       ;00000000;00000;000000;       ;                                                       ;00000000;00000;000000;       ;                                                       ;00000000;00000;000000;       ;                                                       ;00000000;00000;000000;       ;                                                       ;00000000;00000;000000;       ;                                                       ;00000000;00000;000000;       ;                                                       ;00000000;00000;000000;       ;                                                       ;00000000;00000;000000;       ;                                                       ;00000000;00000;000000;       ;                                                       ;00000000;00000;000000;       ;                                                       ;00000000;00000;000000;       ;                                                       ;00000000;00000;000000;       ;                                                       ;00000000;00000;000000;       ;                                                       ;00000000;00000;000000;       ;                                                       ;00000000;00000;000000;       ;                                                       ;00000000;00000;000000;       ;                                                       ;00000000;00000;000000;       ;                                                       ;00000000;00000;000000;       ;                                                       ;00000000;00000;000000;       ;                                                       ;00000000;00000;000000;       ;                                                       ;00000000;00000;000000;       ;                                                       ;00000000;00000;000000;       ;                                                       ;00000000;00000;000000;       ;                                                       ;00000000;00000;000000;       ;                                                       ;00000000;00000;000000;       ;                                                       ;00000000;00000;000000;       ;                                                       ;00000000;00000;000000;       ;                                                       ;00000000;00000;000000;       ;                                                       ;00000000;00000;000000;       ;                                                       ;00000000;00000;000000;       ;                                                       ;00000000;00000;000000;       ;                                                       ;00000000;00000;000000;       ;                                                       ;00000000;00000;000000;       ;                                                       ;00000000;00000;000000;       ;                                                       ;00000000;00000;000000;       ;                                                       ;00000000;00000;000000;       ;                                                       ;00000000;00000;000000;       ;                                                       ;00000000;00000;000000;       ;                                                       ;00000000;00000;000000
08;05;9;099;99;Horcajo de las Torres                             ;99;99;00001;00000459;00000459;10000;00000422;09194;00000037;00806;00000003;00072;00000008;00190;000007;1003441;PP                                                     ;00000233;05628;000004;1030889;P.S.O.E.                                               ;00000178;04300;000003;       ;                                                       ;00000000;00000;000000;       ;                                                       ;00000000;00000;000000;       ;                                                       ;00000000;00000;000000;       ;                                                       ;00000000;00000;000000;       ;                                                       ;00000000;00000;000000;       ;                                                       ;00000000;00000;000000;       ;                                                       ;00000000;00000;000000;       ;                                                       ;00000000;00000;000000;       ;                                                       ;00000000;00000;000000;       ;                                                       ;00000000;00000;000000;       ;                                                       ;00000000;00000;000000;       ;                                                       ;00000000;00000;000000;       ;                                                       ;00000000;00000;000000;       ;                                                       ;00000000;00000;000000;       ;                                                       ;00000000;00000;000000;       ;                                                       ;00000000;00000;000000;       ;                                                       ;00000000;00000;000000;       ;                                                       ;00000000;00000;000000;       ;                                                       ;00000000;00000;000000;       ;                                                       ;00000000;00000;000000;       ;                                                       ;00000000;00000;000000;       ;                                                       ;00000000;00000;000000;       ;                                                       ;00000000;00000;000000;       ;                                                       ;00000000;00000;000000;       ;                                                       ;00000000;00000;000000;       ;                                                       ;00000000;00000;000000;       ;                                                       ;00000000;00000;000000;       ;                                                       ;00000000;00000;000000;       ;                                                       ;00000000;00000;000000;       ;                                                       ;00000000;00000;000000;       ;                                                       ;00000000;00000;000000;       ;                                                       ;00000000;00000;000000;       ;                                                       ;00000000;00000;000000;       ;                                                       ;00000000;00000;000000;       ;                                                       ;00000000;00000;000000;       ;                                                       ;00000000;00000;000000;       ;                                                       ;00000000;00000;000000;       ;                                                       ;00000000;00000;000000;       ;                                                       ;00000000;00000;000000;       ;                                                       ;00000000;00000;000000;       ;                                                       ;00000000;00000;000000;       ;                                                       ;00000000;00000;000000;       ;                                                       ;00000000;00000;000000;       ;                                                       ;00000000;00000;000000;       ;                                                       ;00000000;00000;000000;       ;                                                       ;00000000;00000;000000;       ;                                                       ;00000000;00000;000000;       ;                                                       ;00000000;00000;000000
08;05;9;100;99;Hornillo, El                                      ;99;99;00001;00000271;00000271;10000;00000243;08967;00000028;01033;00000001;00042;00000004;00165;000007;9689014;Cs                                                     ;00000068;02845;000002;1026165;VOX                                                    ;00000062;02594;000002;1030889;P.S.O.E.                                               ;00000047;01967;000002;1003441;PP                                                     ;00000041;01715;000001;1026013;PODEMOS                                                ;00000020;00837;000000;       ;                                                       ;00000000;00000;000000;       ;                                                       ;00000000;00000;000000;       ;                                                       ;00000000;00000;000000;       ;                                                       ;00000000;00000;000000;       ;                                                       ;00000000;00000;000000;       ;                                                       ;00000000;00000;000000;       ;                                                       ;00000000;00000;000000;       ;                                                       ;00000000;00000;000000;       ;                                                       ;00000000;00000;000000;       ;                                                       ;00000000;00000;000000;       ;                                                       ;00000000;00000;000000;       ;                                                       ;00000000;00000;000000;       ;                                                       ;00000000;00000;000000;       ;                                                       ;00000000;00000;000000;       ;                                                       ;00000000;00000;000000;       ;                                                       ;00000000;00000;000000;       ;                                                       ;00000000;00000;000000;       ;                                                       ;00000000;00000;000000;       ;                                                       ;00000000;00000;000000;       ;                                                       ;00000000;00000;000000;       ;                                                       ;00000000;00000;000000;       ;                                                       ;00000000;00000;000000;       ;                                                       ;00000000;00000;000000;       ;                                                       ;00000000;00000;000000;       ;                                                       ;00000000;00000;000000;       ;                                                       ;00000000;00000;000000;       ;                                                       ;00000000;00000;000000;       ;                                                       ;00000000;00000;000000;       ;                                                       ;00000000;00000;000000;       ;                                                       ;00000000;00000;000000;       ;                                                       ;00000000;00000;000000;       ;                                                       ;00000000;00000;000000;       ;                                                       ;00000000;00000;000000;       ;                                                       ;00000000;00000;000000;       ;                                                       ;00000000;00000;000000;       ;                                                       ;00000000;00000;000000;       ;                                                       ;00000000;00000;000000;       ;                                                       ;00000000;00000;000000;       ;                                                       ;00000000;00000;000000;       ;                                                       ;00000000;00000;000000;       ;                                                       ;00000000;00000;000000;       ;                                                       ;00000000;00000;000000;       ;                                                       ;00000000;00000;000000;       ;                                                       ;00000000;00000;000000;       ;                                                       ;00000000;00000;000000
08;05;9;102;99;Hoyo de Pinares, El                               ;99;99;00004;00001684;00001684;10000;00001312;07791;00000372;02209;00000017;00136;00000058;00442;000011;1003441;PP                                                     ;00000773;06164;000007;1030889;P.S.O.E.                                               ;00000464;03700;000004;       ;                                                       ;00000000;00000;000000;       ;                                                       ;00000000;00000;000000;       ;                                                       ;00000000;00000;000000;       ;                                                       ;00000000;00000;000000;       ;                                                       ;00000000;00000;000000;       ;                                                       ;00000000;00000;000000;       ;                                                       ;00000000;00000;000000;       ;                                                       ;00000000;00000;000000;       ;                                                       ;00000000;00000;000000;       ;                                                       ;00000000;00000;000000;       ;                                                       ;00000000;00000;000000;       ;                                                       ;00000000;00000;000000;       ;                                                       ;00000000;00000;000000;       ;                                                       ;00000000;00000;000000;       ;                                                       ;00000000;00000;000000;       ;                                                       ;00000000;00000;000000;       ;                                                       ;00000000;00000;000000;       ;                                                       ;00000000;00000;000000;       ;                                                       ;00000000;00000;000000;       ;                                                       ;00000000;00000;000000;       ;                                                       ;00000000;00000;000000;       ;                                                       ;00000000;00000;000000;       ;                                                       ;00000000;00000;000000;       ;                                                       ;00000000;00000;000000;       ;                                                       ;00000000;00000;000000;       ;                                                       ;00000000;00000;000000;       ;                                                       ;00000000;00000;000000;       ;                                                       ;00000000;00000;000000;       ;                                                       ;00000000;00000;000000;       ;                                                       ;00000000;00000;000000;       ;                                                       ;00000000;00000;000000;       ;                                                       ;00000000;00000;000000;       ;                                                       ;00000000;00000;000000;       ;                                                       ;00000000;00000;000000;       ;                                                       ;00000000;00000;000000;       ;                                                       ;00000000;00000;000000;       ;                                                       ;00000000;00000;000000;       ;                                                       ;00000000;00000;000000;       ;                                                       ;00000000;00000;000000;       ;                                                       ;00000000;00000;000000;       ;                                                       ;00000000;00000;000000;       ;                                                       ;00000000;00000;000000;       ;                                                       ;00000000;00000;000000;       ;                                                       ;00000000;00000;000000;       ;                                                       ;00000000;00000;000000;       ;                                                       ;00000000;00000;000000;       ;                                                       ;00000000;00000;000000;       ;                                                       ;00000000;00000;000000
08;05;9;101;99;Hoyocasero                                        ;99;99;00001;00000283;00000283;10000;00000255;09011;00000028;00989;00000000;00000;00000006;00235;000007;1003441;PP                                                     ;00000156;06265;000005;9689014;Cs                                                     ;00000092;03695;000002;1030889;P.S.O.E.                                               ;00000001;00040;000000;       ;                                                       ;00000000;00000;000000;       ;                                                       ;00000000;00000;000000;       ;                                                       ;00000000;00000;000000;       ;                                                       ;00000000;00000;000000;       ;                                                       ;00000000;00000;000000;       ;                                                       ;00000000;00000;000000;       ;                                                       ;00000000;00000;000000;       ;                                                       ;00000000;00000;000000;       ;                                                       ;00000000;00000;000000;       ;                                                       ;00000000;00000;000000;       ;                                                       ;00000000;00000;000000;       ;                                                       ;00000000;00000;000000;       ;                                                       ;00000000;00000;000000;       ;                                                       ;00000000;00000;000000;       ;                                                       ;00000000;00000;000000;       ;                                                       ;00000000;00000;000000;       ;                                                       ;00000000;00000;000000;       ;                                                       ;00000000;00000;000000;       ;                                                       ;00000000;00000;000000;       ;                                                       ;00000000;00000;000000;       ;                                                       ;00000000;00000;000000;       ;                                                       ;00000000;00000;000000;       ;                                                       ;00000000;00000;000000;       ;                                                       ;00000000;00000;000000;       ;                                                       ;00000000;00000;000000;       ;                                                       ;00000000;00000;000000;       ;                                                       ;00000000;00000;000000;       ;                                                       ;00000000;00000;000000;       ;                                                       ;00000000;00000;000000;       ;                                                       ;00000000;00000;000000;       ;                                                       ;00000000;00000;000000;       ;                                                       ;00000000;00000;000000;       ;                                                       ;00000000;00000;000000;       ;                                                       ;00000000;00000;000000;       ;                                                       ;00000000;00000;000000;       ;                                                       ;00000000;00000;000000;       ;                                                       ;00000000;00000;000000;       ;                                                       ;00000000;00000;000000;       ;                                                       ;00000000;00000;000000;       ;                                                       ;00000000;00000;000000;       ;                                                       ;00000000;00000;000000;       ;                                                       ;00000000;00000;000000;       ;                                                       ;00000000;00000;000000;       ;                                                       ;00000000;00000;000000;       ;                                                       ;00000000;00000;000000;       ;                                                       ;00000000;00000;000000;       ;                                                       ;00000000;00000;000000
08;05;9;103;99;Hoyorredondo                                      ;99;99;00001;00000063;00000063;10000;00000049;07778;00000014;02222;00000000;00000;00000002;00408;000003;1003441;PP                                                     ;00000042;08936;000003;1030889;P.S.O.E.                                               ;00000003;00638;000000;       ;                                                       ;00000000;00000;000000;       ;                                                       ;00000000;00000;000000;       ;                                                       ;00000000;00000;000000;       ;                                                       ;00000000;00000;000000;       ;                                                       ;00000000;00000;000000;       ;                                                       ;00000000;00000;000000;       ;                                                       ;00000000;00000;000000;       ;                                                       ;00000000;00000;000000;       ;                                                       ;00000000;00000;000000;       ;                                                       ;00000000;00000;000000;       ;                                                       ;00000000;00000;000000;       ;                                                       ;00000000;00000;000000;       ;                                                       ;00000000;00000;000000;       ;                                                       ;00000000;00000;000000;       ;                                                       ;00000000;00000;000000;       ;                                                       ;00000000;00000;000000;       ;                                                       ;00000000;00000;000000;       ;                                                       ;00000000;00000;000000;       ;                                                       ;00000000;00000;000000;       ;                                                       ;00000000;00000;000000;       ;                                                       ;00000000;00000;000000;       ;                                                       ;00000000;00000;000000;       ;                                                       ;00000000;00000;000000;       ;                                                       ;00000000;00000;000000;       ;                                                       ;00000000;00000;000000;       ;                                                       ;00000000;00000;000000;       ;                                                       ;00000000;00000;000000;       ;                                                       ;00000000;00000;000000;       ;                                                       ;00000000;00000;000000;       ;                                                       ;00000000;00000;000000;       ;                                                       ;00000000;00000;000000;       ;                                                       ;00000000;00000;000000;       ;                                                       ;00000000;00000;000000;       ;                                                       ;00000000;00000;000000;       ;                                                       ;00000000;00000;000000;       ;                                                       ;00000000;00000;000000;       ;                                                       ;00000000;00000;000000;       ;                                                       ;00000000;00000;000000;       ;                                                       ;00000000;00000;000000;       ;                                                       ;00000000;00000;000000;       ;                                                       ;00000000;00000;000000;       ;                                                       ;00000000;00000;000000;       ;                                                       ;00000000;00000;000000;       ;                                                       ;00000000;00000;000000;       ;                                                       ;00000000;00000;000000;       ;                                                       ;00000000;00000;000000;       ;                                                       ;00000000;00000;000000;       ;                                                       ;00000000;00000;000000
08;05;9;106;99;Hoyos de Miguel Muñoz                             ;99;99;00001;00000028;00000028;10000;00000022;07857;00000006;02143;00000000;00000;00000000;00000;000003;1003441;PP                                                     ;00000015;06818;000002;1030889;P.S.O.E.                                               ;00000007;03182;000001;       ;                                                       ;00000000;00000;000000;       ;                                                       ;00000000;00000;000000;       ;                                                       ;00000000;00000;000000;       ;                                                       ;00000000;00000;000000;       ;                                                       ;00000000;00000;000000;       ;                                                       ;00000000;00000;000000;       ;                                                       ;00000000;00000;000000;       ;                                                       ;00000000;00000;000000;       ;                                                       ;00000000;00000;000000;       ;                                                       ;00000000;00000;000000;       ;                                                       ;00000000;00000;000000;       ;                                                       ;00000000;00000;000000;       ;                                                       ;00000000;00000;000000;       ;                                                       ;00000000;00000;000000;       ;                                                       ;00000000;00000;000000;       ;                                                       ;00000000;00000;000000;       ;                                                       ;00000000;00000;000000;       ;                                                       ;00000000;00000;000000;       ;                                                       ;00000000;00000;000000;       ;                                                       ;00000000;00000;000000;       ;                                                       ;00000000;00000;000000;       ;                                                       ;00000000;00000;000000;       ;                                                       ;00000000;00000;000000;       ;                                                       ;00000000;00000;000000;       ;                                                       ;00000000;00000;000000;       ;                                                       ;00000000;00000;000000;       ;                                                       ;00000000;00000;000000;       ;                                                       ;00000000;00000;000000;       ;                                                       ;00000000;00000;000000;       ;                                                       ;00000000;00000;000000;       ;                                                       ;00000000;00000;000000;       ;                                                       ;00000000;00000;000000;       ;                                                       ;00000000;00000;000000;       ;                                                       ;00000000;00000;000000;       ;                                                       ;00000000;00000;000000;       ;                                                       ;00000000;00000;000000;       ;                                                       ;00000000;00000;000000;       ;                                                       ;00000000;00000;000000;       ;                                                       ;00000000;00000;000000;       ;                                                       ;00000000;00000;000000;       ;                                                       ;00000000;00000;000000;       ;                                                       ;00000000;00000;000000;       ;                                                       ;00000000;00000;000000;       ;                                                       ;00000000;00000;000000;       ;                                                       ;00000000;00000;000000;       ;                                                       ;00000000;00000;000000;       ;                                                       ;00000000;00000;000000;       ;                                                       ;00000000;00000;000000
08;05;9;104;99;Hoyos del Collado                                 ;99;99;00001;00000033;00000033;10000;00000023;06970;00000010;03030;00000002;00870;00000000;00000;000003;1003441;PP                                                     ;00000017;07391;000003;1030889;P.S.O.E.                                               ;00000003;01304;000000;       ;                                                       ;00000000;00000;000000;       ;                                                       ;00000000;00000;000000;       ;                                                       ;00000000;00000;000000;       ;                                                       ;00000000;00000;000000;       ;                                                       ;00000000;00000;000000;       ;                                                       ;00000000;00000;000000;       ;                                                       ;00000000;00000;000000;       ;                                                       ;00000000;00000;000000;       ;                                                       ;00000000;00000;000000;       ;                                                       ;00000000;00000;000000;       ;                                                       ;00000000;00000;000000;       ;                                                       ;00000000;00000;000000;       ;                                                       ;00000000;00000;000000;       ;                                                       ;00000000;00000;000000;       ;                                                       ;00000000;00000;000000;       ;                                                       ;00000000;00000;000000;       ;                                                       ;00000000;00000;000000;       ;                                                       ;00000000;00000;000000;       ;                                                       ;00000000;00000;000000;       ;                                                       ;00000000;00000;000000;       ;                                                       ;00000000;00000;000000;       ;                                                       ;00000000;00000;000000;       ;                                                       ;00000000;00000;000000;       ;                                                       ;00000000;00000;000000;       ;                                                       ;00000000;00000;000000;       ;                                                       ;00000000;00000;000000;       ;                                                       ;00000000;00000;000000;       ;                                                       ;00000000;00000;000000;       ;                                                       ;00000000;00000;000000;       ;                                                       ;00000000;00000;000000;       ;                                                       ;00000000;00000;000000;       ;                                                       ;00000000;00000;000000;       ;                                                       ;00000000;00000;000000;       ;                                                       ;00000000;00000;000000;       ;                                                       ;00000000;00000;000000;       ;                                                       ;00000000;00000;000000;       ;                                                       ;00000000;00000;000000;       ;                                                       ;00000000;00000;000000;       ;                                                       ;00000000;00000;000000;       ;                                                       ;00000000;00000;000000;       ;                                                       ;00000000;00000;000000;       ;                                                       ;00000000;00000;000000;       ;                                                       ;00000000;00000;000000;       ;                                                       ;00000000;00000;000000;       ;                                                       ;00000000;00000;000000;       ;                                                       ;00000000;00000;000000;       ;                                                       ;00000000;00000;000000;       ;                                                       ;00000000;00000;000000
08;05;9;105;99;Hoyos del Espino                                  ;99;99;00001;00000339;00000339;10000;00000291;08584;00000048;01416;00000002;00072;00000014;00481;000007;1030889;P.S.O.E.                                               ;00000140;05054;000004;1003441;PP                                                     ;00000135;04874;000003;       ;                                                       ;00000000;00000;000000;       ;                                                       ;00000000;00000;000000;       ;                                                       ;00000000;00000;000000;       ;                                                       ;00000000;00000;000000;       ;                                                       ;00000000;00000;000000;       ;                                                       ;00000000;00000;000000;       ;                                                       ;00000000;00000;000000;       ;                                                       ;00000000;00000;000000;       ;                                                       ;00000000;00000;000000;       ;                                                       ;00000000;00000;000000;       ;                                                       ;00000000;00000;000000;       ;                                                       ;00000000;00000;000000;       ;                                                       ;00000000;00000;000000;       ;                                                       ;00000000;00000;000000;       ;                                                       ;00000000;00000;000000;       ;                                                       ;00000000;00000;000000;       ;                                                       ;00000000;00000;000000;       ;                                                       ;00000000;00000;000000;       ;                                                       ;00000000;00000;000000;       ;                                                       ;00000000;00000;000000;       ;                                                       ;00000000;00000;000000;       ;                                                       ;00000000;00000;000000;       ;                                                       ;00000000;00000;000000;       ;                                                       ;00000000;00000;000000;       ;                                                       ;00000000;00000;000000;       ;                                                       ;00000000;00000;000000;       ;                                                       ;00000000;00000;000000;       ;                                                       ;00000000;00000;000000;       ;                                                       ;00000000;00000;000000;       ;                                                       ;00000000;00000;000000;       ;                                                       ;00000000;00000;000000;       ;                                                       ;00000000;00000;000000;       ;                                                       ;00000000;00000;000000;       ;                                                       ;00000000;00000;000000;       ;                                                       ;00000000;00000;000000;       ;                                                       ;00000000;00000;000000;       ;                                                       ;00000000;00000;000000;       ;                                                       ;00000000;00000;000000;       ;                                                       ;00000000;00000;000000;       ;                                                       ;00000000;00000;000000;       ;                                                       ;00000000;00000;000000;       ;                                                       ;00000000;00000;000000;       ;                                                       ;00000000;00000;000000;       ;                                                       ;00000000;00000;000000;       ;                                                       ;00000000;00000;000000;       ;                                                       ;00000000;00000;000000;       ;                                                       ;00000000;00000;000000;       ;                                                       ;00000000;00000;000000
08;05;9;107;99;Hurtumpascual                                     ;99;99;00001;00000055;00000055;10000;00000041;07455;00000014;02545;00000003;00769;00000002;00488;000003;1003441;PP                                                     ;00000026;06667;000002;1030889;P.S.O.E.                                               ;00000009;02308;000001;       ;                                                       ;00000000;00000;000000;       ;                                                       ;00000000;00000;000000;       ;                                                       ;00000000;00000;000000;       ;                                                       ;00000000;00000;000000;       ;                                                       ;00000000;00000;000000;       ;                                                       ;00000000;00000;000000;       ;                                                       ;00000000;00000;000000;       ;                                                       ;00000000;00000;000000;       ;                                                       ;00000000;00000;000000;       ;                                                       ;00000000;00000;000000;       ;                                                       ;00000000;00000;000000;       ;                                                       ;00000000;00000;000000;       ;                                                       ;00000000;00000;000000;       ;                                                       ;00000000;00000;000000;       ;                                                       ;00000000;00000;000000;       ;                                                       ;00000000;00000;000000;       ;                                                       ;00000000;00000;000000;       ;                                                       ;00000000;00000;000000;       ;                                                       ;00000000;00000;000000;       ;                                                       ;00000000;00000;000000;       ;                                                       ;00000000;00000;000000;       ;                                                       ;00000000;00000;000000;       ;                                                       ;00000000;00000;000000;       ;                                                       ;00000000;00000;000000;       ;                                                       ;00000000;00000;000000;       ;                                                       ;00000000;00000;000000;       ;                                                       ;00000000;00000;000000;       ;                                                       ;00000000;00000;000000;       ;                                                       ;00000000;00000;000000;       ;                                                       ;00000000;00000;000000;       ;                                                       ;00000000;00000;000000;       ;                                                       ;00000000;00000;000000;       ;                                                       ;00000000;00000;000000;       ;                                                       ;00000000;00000;000000;       ;                                                       ;00000000;00000;000000;       ;                                                       ;00000000;00000;000000;       ;                                                       ;00000000;00000;000000;       ;                                                       ;00000000;00000;000000;       ;                                                       ;00000000;00000;000000;       ;                                                       ;00000000;00000;000000;       ;                                                       ;00000000;00000;000000;       ;                                                       ;00000000;00000;000000;       ;                                                       ;00000000;00000;000000;       ;                                                       ;00000000;00000;000000;       ;                                                       ;00000000;00000;000000;       ;                                                       ;00000000;00000;000000;       ;                                                       ;00000000;00000;000000;       ;                                                       ;00000000;00000;000000
08;05;9;108;99;Junciana                                          ;99;99;00001;00000040;00000040;10000;00000030;07500;00000010;02500;00000003;01034;00000001;00333;000003;1003441;PP                                                     ;00000023;07931;000003;1030889;P.S.O.E.                                               ;00000002;00690;000000;       ;                                                       ;00000000;00000;000000;       ;                                                       ;00000000;00000;000000;       ;                                                       ;00000000;00000;000000;       ;                                                       ;00000000;00000;000000;       ;                                                       ;00000000;00000;000000;       ;                                                       ;00000000;00000;000000;       ;                                                       ;00000000;00000;000000;       ;                                                       ;00000000;00000;000000;       ;                                                       ;00000000;00000;000000;       ;                                                       ;00000000;00000;000000;       ;                                                       ;00000000;00000;000000;       ;                                                       ;00000000;00000;000000;       ;                                                       ;00000000;00000;000000;       ;                                                       ;00000000;00000;000000;       ;                                                       ;00000000;00000;000000;       ;                                                       ;00000000;00000;000000;       ;                                                       ;00000000;00000;000000;       ;                                                       ;00000000;00000;000000;       ;                                                       ;00000000;00000;000000;       ;                                                       ;00000000;00000;000000;       ;                                                       ;00000000;00000;000000;       ;                                                       ;00000000;00000;000000;       ;                                                       ;00000000;00000;000000;       ;                                                       ;00000000;00000;000000;       ;                                                       ;00000000;00000;000000;       ;                                                       ;00000000;00000;000000;       ;                                                       ;00000000;00000;000000;       ;                                                       ;00000000;00000;000000;       ;                                                       ;00000000;00000;000000;       ;                                                       ;00000000;00000;000000;       ;                                                       ;00000000;00000;000000;       ;                                                       ;00000000;00000;000000;       ;                                                       ;00000000;00000;000000;       ;                                                       ;00000000;00000;000000;       ;                                                       ;00000000;00000;000000;       ;                                                       ;00000000;00000;000000;       ;                                                       ;00000000;00000;000000;       ;                                                       ;00000000;00000;000000;       ;                                                       ;00000000;00000;000000;       ;                                                       ;00000000;00000;000000;       ;                                                       ;00000000;00000;000000;       ;                                                       ;00000000;00000;000000;       ;                                                       ;00000000;00000;000000;       ;                                                       ;00000000;00000;000000;       ;                                                       ;00000000;00000;000000;       ;                                                       ;00000000;00000;000000;       ;                                                       ;00000000;00000;000000;       ;                                                       ;00000000;00000;000000
08;05;9;109;99;Langa                                             ;99;99;00001;00000444;00000444;10000;00000383;08626;00000061;01374;00000004;00108;00000012;00313;000007;1003441;PP                                                     ;00000266;07170;000005;1030889;P.S.O.E.                                               ;00000101;02722;000002;       ;                                                       ;00000000;00000;000000;       ;                                                       ;00000000;00000;000000;       ;                                                       ;00000000;00000;000000;       ;                                                       ;00000000;00000;000000;       ;                                                       ;00000000;00000;000000;       ;                                                       ;00000000;00000;000000;       ;                                                       ;00000000;00000;000000;       ;                                                       ;00000000;00000;000000;       ;                                                       ;00000000;00000;000000;       ;                                                       ;00000000;00000;000000;       ;                                                       ;00000000;00000;000000;       ;                                                       ;00000000;00000;000000;       ;                                                       ;00000000;00000;000000;       ;                                                       ;00000000;00000;000000;       ;                                                       ;00000000;00000;000000;       ;                                                       ;00000000;00000;000000;       ;                                                       ;00000000;00000;000000;       ;                                                       ;00000000;00000;000000;       ;                                                       ;00000000;00000;000000;       ;                                                       ;00000000;00000;000000;       ;                                                       ;00000000;00000;000000;       ;                                                       ;00000000;00000;000000;       ;                                                       ;00000000;00000;000000;       ;                                                       ;00000000;00000;000000;       ;                                                       ;00000000;00000;000000;       ;                                                       ;00000000;00000;000000;       ;                                                       ;00000000;00000;000000;       ;                                                       ;00000000;00000;000000;       ;                                                       ;00000000;00000;000000;       ;                                                       ;00000000;00000;000000;       ;                                                       ;00000000;00000;000000;       ;                                                       ;00000000;00000;000000;       ;                                                       ;00000000;00000;000000;       ;                                                       ;00000000;00000;000000;       ;                                                       ;00000000;00000;000000;       ;                                                       ;00000000;00000;000000;       ;                                                       ;00000000;00000;000000;       ;                                                       ;00000000;00000;000000;       ;                                                       ;00000000;00000;000000;       ;                                                       ;00000000;00000;000000;       ;                                                       ;00000000;00000;000000;       ;                                                       ;00000000;00000;000000;       ;                                                       ;00000000;00000;000000;       ;                                                       ;00000000;00000;000000;       ;                                                       ;00000000;00000;000000;       ;                                                       ;00000000;00000;000000;       ;                                                       ;00000000;00000;000000;       ;                                                       ;00000000;00000;000000
08;05;9;110;99;Lanzahíta                                         ;99;99;00001;00000721;00000721;10000;00000631;08752;00000090;01248;00000003;00048;00000008;00127;000007;1003441;PP                                                     ;00000254;04077;000003;9689014;Cs                                                     ;00000190;03050;000002;1022852;XAV                                                    ;00000094;01509;000001;1030889;P.S.O.E.                                               ;00000082;01316;000001;       ;                                                       ;00000000;00000;000000;       ;                                                       ;00000000;00000;000000;       ;                                                       ;00000000;00000;000000;       ;                                                       ;00000000;00000;000000;       ;                                                       ;00000000;00000;000000;       ;                                                       ;00000000;00000;000000;       ;                                                       ;00000000;00000;000000;       ;                                                       ;00000000;00000;000000;       ;                                                       ;00000000;00000;000000;       ;                                                       ;00000000;00000;000000;       ;                                                       ;00000000;00000;000000;       ;                                                       ;00000000;00000;000000;       ;                                                       ;00000000;00000;000000;       ;                                                       ;00000000;00000;000000;       ;                                                       ;00000000;00000;000000;       ;                                                       ;00000000;00000;000000;       ;                                                       ;00000000;00000;000000;       ;                                                       ;00000000;00000;000000;       ;                                                       ;00000000;00000;000000;       ;                                                       ;00000000;00000;000000;       ;                                                       ;00000000;00000;000000;       ;                                                       ;00000000;00000;000000;       ;                                                       ;00000000;00000;000000;       ;                                                       ;00000000;00000;000000;       ;                                                       ;00000000;00000;000000;       ;                                                       ;00000000;00000;000000;       ;                                                       ;00000000;00000;000000;       ;                                                       ;00000000;00000;000000;       ;                                                       ;00000000;00000;000000;       ;                                                       ;00000000;00000;000000;       ;                                                       ;00000000;00000;000000;       ;                                                       ;00000000;00000;000000;       ;                                                       ;00000000;00000;000000;       ;                                                       ;00000000;00000;000000;       ;                                                       ;00000000;00000;000000;       ;                                                       ;00000000;00000;000000;       ;                                                       ;00000000;00000;000000;       ;                                                       ;00000000;00000;000000;       ;                                                       ;00000000;00000;000000;       ;                                                       ;00000000;00000;000000;       ;                                                       ;00000000;00000;000000;       ;                                                       ;00000000;00000;000000;       ;                                                       ;00000000;00000;000000;       ;                                                       ;00000000;00000;000000;       ;                                                       ;00000000;00000;000000;       ;                                                       ;00000000;00000;000000
08;05;9;113;99;Llanos de Tormes, Los                             ;99;99;00001;00000061;00000061;10000;00000049;08033;00000012;01967;00000003;00638;00000002;00408;000003;1003441;PP                                                     ;00000035;07447;000003;1030889;P.S.O.E.                                               ;00000007;01489;000000;       ;                                                       ;00000000;00000;000000;       ;                                                       ;00000000;00000;000000;       ;                                                       ;00000000;00000;000000;       ;                                                       ;00000000;00000;000000;       ;                                                       ;00000000;00000;000000;       ;                                                       ;00000000;00000;000000;       ;                                                       ;00000000;00000;000000;       ;                                                       ;00000000;00000;000000;       ;                                                       ;00000000;00000;000000;       ;                                                       ;00000000;00000;000000;       ;                                                       ;00000000;00000;000000;       ;                                                       ;00000000;00000;000000;       ;                                                       ;00000000;00000;000000;       ;                                                       ;00000000;00000;000000;       ;                                                       ;00000000;00000;000000;       ;                                                       ;00000000;00000;000000;       ;                                                       ;00000000;00000;000000;       ;                                                       ;00000000;00000;000000;       ;                                                       ;00000000;00000;000000;       ;                                                       ;00000000;00000;000000;       ;                                                       ;00000000;00000;000000;       ;                                                       ;00000000;00000;000000;       ;                                                       ;00000000;00000;000000;       ;                                                       ;00000000;00000;000000;       ;                                                       ;00000000;00000;000000;       ;                                                       ;00000000;00000;000000;       ;                                                       ;00000000;00000;000000;       ;                                                       ;00000000;00000;000000;       ;                                                       ;00000000;00000;000000;       ;                                                       ;00000000;00000;000000;       ;                                                       ;00000000;00000;000000;       ;                                                       ;00000000;00000;000000;       ;                                                       ;00000000;00000;000000;       ;                                                       ;00000000;00000;000000;       ;                                                       ;00000000;00000;000000;       ;                                                       ;00000000;00000;000000;       ;                                                       ;00000000;00000;000000;       ;                                                       ;00000000;00000;000000;       ;                                                       ;00000000;00000;000000;       ;                                                       ;00000000;00000;000000;       ;                                                       ;00000000;00000;000000;       ;                                                       ;00000000;00000;000000;       ;                                                       ;00000000;00000;000000;       ;                                                       ;00000000;00000;000000;       ;                                                       ;00000000;00000;000000;       ;                                                       ;00000000;00000;000000;       ;                                                       ;00000000;00000;000000;       ;                                                       ;00000000;00000;000000
08;05;9;112;99;Losar del Barco, El                               ;99;99;00001;00000093;00000093;10000;00000061;06559;00000032;03441;00000000;00000;00000005;00820;000005;1003441;PP                                                     ;00000027;04821;000004;9689014;Cs                                                     ;00000020;03571;000001;1030889;P.S.O.E.                                               ;00000005;00893;000000;       ;                                                       ;00000000;00000;000000;       ;                                                       ;00000000;00000;000000;       ;                                                       ;00000000;00000;000000;       ;                                                       ;00000000;00000;000000;       ;                                                       ;00000000;00000;000000;       ;                                                       ;00000000;00000;000000;       ;                                                       ;00000000;00000;000000;       ;                                                       ;00000000;00000;000000;       ;                                                       ;00000000;00000;000000;       ;                                                       ;00000000;00000;000000;       ;                                                       ;00000000;00000;000000;       ;                                                       ;00000000;00000;000000;       ;                                                       ;00000000;00000;000000;       ;                                                       ;00000000;00000;000000;       ;                                                       ;00000000;00000;000000;       ;                                                       ;00000000;00000;000000;       ;                                                       ;00000000;00000;000000;       ;                                                       ;00000000;00000;000000;       ;                                                       ;00000000;00000;000000;       ;                                                       ;00000000;00000;000000;       ;                                                       ;00000000;00000;000000;       ;                                                       ;00000000;00000;000000;       ;                                                       ;00000000;00000;000000;       ;                                                       ;00000000;00000;000000;       ;                                                       ;00000000;00000;000000;       ;                                                       ;00000000;00000;000000;       ;                                                       ;00000000;00000;000000;       ;                                                       ;00000000;00000;000000;       ;                                                       ;00000000;00000;000000;       ;                                                       ;00000000;00000;000000;       ;                                                       ;00000000;00000;000000;       ;                                                       ;00000000;00000;000000;       ;                                                       ;00000000;00000;000000;       ;                                                       ;00000000;00000;000000;       ;                                                       ;00000000;00000;000000;       ;                                                       ;00000000;00000;000000;       ;                                                       ;00000000;00000;000000;       ;                                                       ;00000000;00000;000000;       ;                                                       ;00000000;00000;000000;       ;                                                       ;00000000;00000;000000;       ;                                                       ;00000000;00000;000000;       ;                                                       ;00000000;00000;000000;       ;                                                       ;00000000;00000;000000;       ;                                                       ;00000000;00000;000000;       ;                                                       ;00000000;00000;000000;       ;                                                       ;00000000;00000;000000;       ;                                                       ;00000000;00000;000000
08;05;9;114;99;Madrigal de las Altas Torres                      ;99;99;00002;00001267;00001267;10000;00001101;08690;00000166;01310;00000006;00056;00000031;00282;000009;1030889;P.S.O.E.                                               ;00000554;05178;000005;1003441;PP                                                     ;00000510;04766;000004;       ;                                                       ;00000000;00000;000000;       ;                                                       ;00000000;00000;000000;       ;                                                       ;00000000;00000;000000;       ;                                                       ;00000000;00000;000000;       ;                                                       ;00000000;00000;000000;       ;                                                       ;00000000;00000;000000;       ;                                                       ;00000000;00000;000000;       ;                                                       ;00000000;00000;000000;       ;                                                       ;00000000;00000;000000;       ;                                                       ;00000000;00000;000000;       ;                                                       ;00000000;00000;000000;       ;                                                       ;00000000;00000;000000;       ;                                                       ;00000000;00000;000000;       ;                                                       ;00000000;00000;000000;       ;                                                       ;00000000;00000;000000;       ;                                                       ;00000000;00000;000000;       ;                                                       ;00000000;00000;000000;       ;                                                       ;00000000;00000;000000;       ;                                                       ;00000000;00000;000000;       ;                                                       ;00000000;00000;000000;       ;                                                       ;00000000;00000;000000;       ;                                                       ;00000000;00000;000000;       ;                                                       ;00000000;00000;000000;       ;                                                       ;00000000;00000;000000;       ;                                                       ;00000000;00000;000000;       ;                                                       ;00000000;00000;000000;       ;                                                       ;00000000;00000;000000;       ;                                                       ;00000000;00000;000000;       ;                                                       ;00000000;00000;000000;       ;                                                       ;00000000;00000;000000;       ;                                                       ;00000000;00000;000000;       ;                                                       ;00000000;00000;000000;       ;                                                       ;00000000;00000;000000;       ;                                                       ;00000000;00000;000000;       ;                                                       ;00000000;00000;000000;       ;                                                       ;00000000;00000;000000;       ;                                                       ;00000000;00000;000000;       ;                                                       ;00000000;00000;000000;       ;                                                       ;00000000;00000;000000;       ;                                                       ;00000000;00000;000000;       ;                                                       ;00000000;00000;000000;       ;                                                       ;00000000;00000;000000;       ;                                                       ;00000000;00000;000000;       ;                                                       ;00000000;00000;000000;       ;                                                       ;00000000;00000;000000;       ;                                                       ;00000000;00000;000000;       ;                                                       ;00000000;00000;000000;       ;                                                       ;00000000;00000;000000
08;05;9;115;99;Maello                                            ;99;99;00001;00000523;00000523;10000;00000423;08088;00000100;01912;00000001;00024;00000007;00165;000007;1003441;PP                                                     ;00000239;05745;000005;9689014;Cs                                                     ;00000130;03125;000002;1022293;IZQUIERDA UNIDA-EQUO                                   ;00000032;00769;000000;1030889;P.S.O.E.                                               ;00000014;00337;000000;       ;                                                       ;00000000;00000;000000;       ;                                                       ;00000000;00000;000000;       ;                                                       ;00000000;00000;000000;       ;                                                       ;00000000;00000;000000;       ;                                                       ;00000000;00000;000000;       ;                                                       ;00000000;00000;000000;       ;                                                       ;00000000;00000;000000;       ;                                                       ;00000000;00000;000000;       ;                                                       ;00000000;00000;000000;       ;                                                       ;00000000;00000;000000;       ;                                                       ;00000000;00000;000000;       ;                                                       ;00000000;00000;000000;       ;                                                       ;00000000;00000;000000;       ;                                                       ;00000000;00000;000000;       ;                                                       ;00000000;00000;000000;       ;                                                       ;00000000;00000;000000;       ;                                                       ;00000000;00000;000000;       ;                                                       ;00000000;00000;000000;       ;                                                       ;00000000;00000;000000;       ;                                                       ;00000000;00000;000000;       ;                                                       ;00000000;00000;000000;       ;                                                       ;00000000;00000;000000;       ;                                                       ;00000000;00000;000000;       ;                                                       ;00000000;00000;000000;       ;                                                       ;00000000;00000;000000;       ;                                                       ;00000000;00000;000000;       ;                                                       ;00000000;00000;000000;       ;                                                       ;00000000;00000;000000;       ;                                                       ;00000000;00000;000000;       ;                                                       ;00000000;00000;000000;       ;                                                       ;00000000;00000;000000;       ;                                                       ;00000000;00000;000000;       ;                                                       ;00000000;00000;000000;       ;                                                       ;00000000;00000;000000;       ;                                                       ;00000000;00000;000000;       ;                                                       ;00000000;00000;000000;       ;                                                       ;00000000;00000;000000;       ;                                                       ;00000000;00000;000000;       ;                                                       ;00000000;00000;000000;       ;                                                       ;00000000;00000;000000;       ;                                                       ;00000000;00000;000000;       ;                                                       ;00000000;00000;000000;       ;                                                       ;00000000;00000;000000;       ;                                                       ;00000000;00000;000000;       ;                                                       ;00000000;00000;000000;       ;                                                       ;00000000;00000;000000
08;05;9;116;99;Malpartida de Corneja                             ;99;99;00001;00000094;00000094;10000;00000087;09255;00000007;00745;00000000;00000;00000001;00115;000005;1003441;PP                                                     ;00000047;05465;000003;1022852;XAV                                                    ;00000042;04884;000002;1030889;P.S.O.E.                                               ;00000005;00581;000000;       ;                                                       ;00000000;00000;000000;       ;                                                       ;00000000;00000;000000;       ;                                                       ;00000000;00000;000000;       ;                                                       ;00000000;00000;000000;       ;                                                       ;00000000;00000;000000;       ;                                                       ;00000000;00000;000000;       ;                                                       ;00000000;00000;000000;       ;                                                       ;00000000;00000;000000;       ;                                                       ;00000000;00000;000000;       ;                                                       ;00000000;00000;000000;       ;                                                       ;00000000;00000;000000;       ;                                                       ;00000000;00000;000000;       ;                                                       ;00000000;00000;000000;       ;                                                       ;00000000;00000;000000;       ;                                                       ;00000000;00000;000000;       ;                                                       ;00000000;00000;000000;       ;                                                       ;00000000;00000;000000;       ;                                                       ;00000000;00000;000000;       ;                                                       ;00000000;00000;000000;       ;                                                       ;00000000;00000;000000;       ;                                                       ;00000000;00000;000000;       ;                                                       ;00000000;00000;000000;       ;                                                       ;00000000;00000;000000;       ;                                                       ;00000000;00000;000000;       ;                                                       ;00000000;00000;000000;       ;                                                       ;00000000;00000;000000;       ;                                                       ;00000000;00000;000000;       ;                                                       ;00000000;00000;000000;       ;                                                       ;00000000;00000;000000;       ;                                                       ;00000000;00000;000000;       ;                                                       ;00000000;00000;000000;       ;                                                       ;00000000;00000;000000;       ;                                                       ;00000000;00000;000000;       ;                                                       ;00000000;00000;000000;       ;                                                       ;00000000;00000;000000;       ;                                                       ;00000000;00000;000000;       ;                                                       ;00000000;00000;000000;       ;                                                       ;00000000;00000;000000;       ;                                                       ;00000000;00000;000000;       ;                                                       ;00000000;00000;000000;       ;                                                       ;00000000;00000;000000;       ;                                                       ;00000000;00000;000000;       ;                                                       ;00000000;00000;000000;       ;                                                       ;00000000;00000;000000;       ;                                                       ;00000000;00000;000000;       ;                                                       ;00000000;00000;000000;       ;                                                       ;00000000;00000;000000
08;05;9;117;99;Mamblas                                           ;99;99;00001;00000192;00000192;10000;00000166;08646;00000026;01354;00000011;00701;00000009;00542;000005;1003441;PP                                                     ;00000125;07962;000005;1030889;P.S.O.E.                                               ;00000014;00892;000000;       ;                                                       ;00000000;00000;000000;       ;                                                       ;00000000;00000;000000;       ;                                                       ;00000000;00000;000000;       ;                                                       ;00000000;00000;000000;       ;                                                       ;00000000;00000;000000;       ;                                                       ;00000000;00000;000000;       ;                                                       ;00000000;00000;000000;       ;                                                       ;00000000;00000;000000;       ;                                                       ;00000000;00000;000000;       ;                                                       ;00000000;00000;000000;       ;                                                       ;00000000;00000;000000;       ;                                                       ;00000000;00000;000000;       ;                                                       ;00000000;00000;000000;       ;                                                       ;00000000;00000;000000;       ;                                                       ;00000000;00000;000000;       ;                                                       ;00000000;00000;000000;       ;                                                       ;00000000;00000;000000;       ;                                                       ;00000000;00000;000000;       ;                                                       ;00000000;00000;000000;       ;                                                       ;00000000;00000;000000;       ;                                                       ;00000000;00000;000000;       ;                                                       ;00000000;00000;000000;       ;                                                       ;00000000;00000;000000;       ;                                                       ;00000000;00000;000000;       ;                                                       ;00000000;00000;000000;       ;                                                       ;00000000;00000;000000;       ;                                                       ;00000000;00000;000000;       ;                                                       ;00000000;00000;000000;       ;                                                       ;00000000;00000;000000;       ;                                                       ;00000000;00000;000000;       ;                                                       ;00000000;00000;000000;       ;                                                       ;00000000;00000;000000;       ;                                                       ;00000000;00000;000000;       ;                                                       ;00000000;00000;000000;       ;                                                       ;00000000;00000;000000;       ;                                                       ;00000000;00000;000000;       ;                                                       ;00000000;00000;000000;       ;                                                       ;00000000;00000;000000;       ;                                                       ;00000000;00000;000000;       ;                                                       ;00000000;00000;000000;       ;                                                       ;00000000;00000;000000;       ;                                                       ;00000000;00000;000000;       ;                                                       ;00000000;00000;000000;       ;                                                       ;00000000;00000;000000;       ;                                                       ;00000000;00000;000000;       ;                                                       ;00000000;00000;000000;       ;                                                       ;00000000;00000;000000;       ;                                                       ;00000000;00000;000000
08;05;9;118;99;Mancera de Arriba                                 ;99;99;00001;00000067;00000067;10000;00000045;06716;00000022;03284;00000002;00476;00000003;00667;000003;1003441;PP                                                     ;00000030;07143;000002;1030889;P.S.O.E.                                               ;00000009;02143;000001;       ;                                                       ;00000000;00000;000000;       ;                                                       ;00000000;00000;000000;       ;                                                       ;00000000;00000;000000;       ;                                                       ;00000000;00000;000000;       ;                                                       ;00000000;00000;000000;       ;                                                       ;00000000;00000;000000;       ;                                                       ;00000000;00000;000000;       ;                                                       ;00000000;00000;000000;       ;                                                       ;00000000;00000;000000;       ;                                                       ;00000000;00000;000000;       ;                                                       ;00000000;00000;000000;       ;                                                       ;00000000;00000;000000;       ;                                                       ;00000000;00000;000000;       ;                                                       ;00000000;00000;000000;       ;                                                       ;00000000;00000;000000;       ;                                                       ;00000000;00000;000000;       ;                                                       ;00000000;00000;000000;       ;                                                       ;00000000;00000;000000;       ;                                                       ;00000000;00000;000000;       ;                                                       ;00000000;00000;000000;       ;                                                       ;00000000;00000;000000;       ;                                                       ;00000000;00000;000000;       ;                                                       ;00000000;00000;000000;       ;                                                       ;00000000;00000;000000;       ;                                                       ;00000000;00000;000000;       ;                                                       ;00000000;00000;000000;       ;                                                       ;00000000;00000;000000;       ;                                                       ;00000000;00000;000000;       ;                                                       ;00000000;00000;000000;       ;                                                       ;00000000;00000;000000;       ;                                                       ;00000000;00000;000000;       ;                                                       ;00000000;00000;000000;       ;                                                       ;00000000;00000;000000;       ;                                                       ;00000000;00000;000000;       ;                                                       ;00000000;00000;000000;       ;                                                       ;00000000;00000;000000;       ;                                                       ;00000000;00000;000000;       ;                                                       ;00000000;00000;000000;       ;                                                       ;00000000;00000;000000;       ;                                                       ;00000000;00000;000000;       ;                                                       ;00000000;00000;000000;       ;                                                       ;00000000;00000;000000;       ;                                                       ;00000000;00000;000000;       ;                                                       ;00000000;00000;000000;       ;                                                       ;00000000;00000;000000;       ;                                                       ;00000000;00000;000000;       ;                                                       ;00000000;00000;000000;       ;                                                       ;00000000;00000;000000
08;05;9;119;99;Manjabálago y Ortigosa de Rioalmar                ;99;99;00001;00000024;00000024;10000;00000016;06667;00000008;03333;00000000;00000;00000000;00000;000003;1022852;XAV                                                    ;00000012;07500;000002;1003441;PP                                                     ;00000003;01875;000001;1030889;P.S.O.E.                                               ;00000002;01250;000000;       ;                                                       ;00000000;00000;000000;       ;                                                       ;00000000;00000;000000;       ;                                                       ;00000000;00000;000000;       ;                                                       ;00000000;00000;000000;       ;                                                       ;00000000;00000;000000;       ;                                                       ;00000000;00000;000000;       ;                                                       ;00000000;00000;000000;       ;                                                       ;00000000;00000;000000;       ;                                                       ;00000000;00000;000000;       ;                                                       ;00000000;00000;000000;       ;                                                       ;00000000;00000;000000;       ;                                                       ;00000000;00000;000000;       ;                                                       ;00000000;00000;000000;       ;                                                       ;00000000;00000;000000;       ;                                                       ;00000000;00000;000000;       ;                                                       ;00000000;00000;000000;       ;                                                       ;00000000;00000;000000;       ;                                                       ;00000000;00000;000000;       ;                                                       ;00000000;00000;000000;       ;                                                       ;00000000;00000;000000;       ;                                                       ;00000000;00000;000000;       ;                                                       ;00000000;00000;000000;       ;                                                       ;00000000;00000;000000;       ;                                                       ;00000000;00000;000000;       ;                                                       ;00000000;00000;000000;       ;                                                       ;00000000;00000;000000;       ;                                                       ;00000000;00000;000000;       ;                                                       ;00000000;00000;000000;       ;                                                       ;00000000;00000;000000;       ;                                                       ;00000000;00000;000000;       ;                                                       ;00000000;00000;000000;       ;                                                       ;00000000;00000;000000;       ;                                                       ;00000000;00000;000000;       ;                                                       ;00000000;00000;000000;       ;                                                       ;00000000;00000;000000;       ;                                                       ;00000000;00000;000000;       ;                                                       ;00000000;00000;000000;       ;                                                       ;00000000;00000;000000;       ;                                                       ;00000000;00000;000000;       ;                                                       ;00000000;00000;000000;       ;                                                       ;00000000;00000;000000;       ;                                                       ;00000000;00000;000000;       ;                                                       ;00000000;00000;000000;       ;                                                       ;00000000;00000;000000;       ;                                                       ;00000000;00000;000000;       ;                                                       ;00000000;00000;000000;       ;                                                       ;00000000;00000;000000
08;05;9;120;99;Marlín                                            ;99;99;00001;00000032;00000032;10000;00000025;07813;00000007;02188;00000000;00000;00000003;01200;000003;1003441;PP                                                     ;00000017;07727;000003;1030889;P.S.O.E.                                               ;00000002;00909;000000;       ;                                                       ;00000000;00000;000000;       ;                                                       ;00000000;00000;000000;       ;                                                       ;00000000;00000;000000;       ;                                                       ;00000000;00000;000000;       ;                                                       ;00000000;00000;000000;       ;                                                       ;00000000;00000;000000;       ;                                                       ;00000000;00000;000000;       ;                                                       ;00000000;00000;000000;       ;                                                       ;00000000;00000;000000;       ;                                                       ;00000000;00000;000000;       ;                                                       ;00000000;00000;000000;       ;                                                       ;00000000;00000;000000;       ;                                                       ;00000000;00000;000000;       ;                                                       ;00000000;00000;000000;       ;                                                       ;00000000;00000;000000;       ;                                                       ;00000000;00000;000000;       ;                                                       ;00000000;00000;000000;       ;                                                       ;00000000;00000;000000;       ;                                                       ;00000000;00000;000000;       ;                                                       ;00000000;00000;000000;       ;                                                       ;00000000;00000;000000;       ;                                                       ;00000000;00000;000000;       ;                                                       ;00000000;00000;000000;       ;                                                       ;00000000;00000;000000;       ;                                                       ;00000000;00000;000000;       ;                                                       ;00000000;00000;000000;       ;                                                       ;00000000;00000;000000;       ;                                                       ;00000000;00000;000000;       ;                                                       ;00000000;00000;000000;       ;                                                       ;00000000;00000;000000;       ;                                                       ;00000000;00000;000000;       ;                                                       ;00000000;00000;000000;       ;                                                       ;00000000;00000;000000;       ;                                                       ;00000000;00000;000000;       ;                                                       ;00000000;00000;000000;       ;                                                       ;00000000;00000;000000;       ;                                                       ;00000000;00000;000000;       ;                                                       ;00000000;00000;000000;       ;                                                       ;00000000;00000;000000;       ;                                                       ;00000000;00000;000000;       ;                                                       ;00000000;00000;000000;       ;                                                       ;00000000;00000;000000;       ;                                                       ;00000000;00000;000000;       ;                                                       ;00000000;00000;000000;       ;                                                       ;00000000;00000;000000;       ;                                                       ;00000000;00000;000000;       ;                                                       ;00000000;00000;000000;       ;                                                       ;00000000;00000;000000
08;05;9;121;99;Martiherrero                                      ;99;99;00001;00000263;00000263;10000;00000206;07833;00000057;02167;00000002;00099;00000003;00146;000007;1003441;PP                                                     ;00000150;07389;000005;1030889;P.S.O.E.                                               ;00000051;02512;000002;       ;                                                       ;00000000;00000;000000;       ;                                                       ;00000000;00000;000000;       ;                                                       ;00000000;00000;000000;       ;                                                       ;00000000;00000;000000;       ;                                                       ;00000000;00000;000000;       ;                                                       ;00000000;00000;000000;       ;                                                       ;00000000;00000;000000;       ;                                                       ;00000000;00000;000000;       ;                                                       ;00000000;00000;000000;       ;                                                       ;00000000;00000;000000;       ;                                                       ;00000000;00000;000000;       ;                                                       ;00000000;00000;000000;       ;                                                       ;00000000;00000;000000;       ;                                                       ;00000000;00000;000000;       ;                                                       ;00000000;00000;000000;       ;                                                       ;00000000;00000;000000;       ;                                                       ;00000000;00000;000000;       ;                                                       ;00000000;00000;000000;       ;                                                       ;00000000;00000;000000;       ;                                                       ;00000000;00000;000000;       ;                                                       ;00000000;00000;000000;       ;                                                       ;00000000;00000;000000;       ;                                                       ;00000000;00000;000000;       ;                                                       ;00000000;00000;000000;       ;                                                       ;00000000;00000;000000;       ;                                                       ;00000000;00000;000000;       ;                                                       ;00000000;00000;000000;       ;                                                       ;00000000;00000;000000;       ;                                                       ;00000000;00000;000000;       ;                                                       ;00000000;00000;000000;       ;                                                       ;00000000;00000;000000;       ;                                                       ;00000000;00000;000000;       ;                                                       ;00000000;00000;000000;       ;                                                       ;00000000;00000;000000;       ;                                                       ;00000000;00000;000000;       ;                                                       ;00000000;00000;000000;       ;                                                       ;00000000;00000;000000;       ;                                                       ;00000000;00000;000000;       ;                                                       ;00000000;00000;000000;       ;                                                       ;00000000;00000;000000;       ;                                                       ;00000000;00000;000000;       ;                                                       ;00000000;00000;000000;       ;                                                       ;00000000;00000;000000;       ;                                                       ;00000000;00000;000000;       ;                                                       ;00000000;00000;000000;       ;                                                       ;00000000;00000;000000;       ;                                                       ;00000000;00000;000000;       ;                                                       ;00000000;00000;000000
08;05;9;122;99;Martínez                                          ;99;99;00001;00000117;00000117;10000;00000092;07863;00000025;02137;00000000;00000;00000002;00217;000005;1003441;PP                                                     ;00000079;08778;000004;1030889;P.S.O.E.                                               ;00000011;01222;000001;       ;                                                       ;00000000;00000;000000;       ;                                                       ;00000000;00000;000000;       ;                                                       ;00000000;00000;000000;       ;                                                       ;00000000;00000;000000;       ;                                                       ;00000000;00000;000000;       ;                                                       ;00000000;00000;000000;       ;                                                       ;00000000;00000;000000;       ;                                                       ;00000000;00000;000000;       ;                                                       ;00000000;00000;000000;       ;                                                       ;00000000;00000;000000;       ;                                                       ;00000000;00000;000000;       ;                                                       ;00000000;00000;000000;       ;                                                       ;00000000;00000;000000;       ;                                                       ;00000000;00000;000000;       ;                                                       ;00000000;00000;000000;       ;                                                       ;00000000;00000;000000;       ;                                                       ;00000000;00000;000000;       ;                                                       ;00000000;00000;000000;       ;                                                       ;00000000;00000;000000;       ;                                                       ;00000000;00000;000000;       ;                                                       ;00000000;00000;000000;       ;                                                       ;00000000;00000;000000;       ;                                                       ;00000000;00000;000000;       ;                                                       ;00000000;00000;000000;       ;                                                       ;00000000;00000;000000;       ;                                                       ;00000000;00000;000000;       ;                                                       ;00000000;00000;000000;       ;                                                       ;00000000;00000;000000;       ;                                                       ;00000000;00000;000000;       ;                                                       ;00000000;00000;000000;       ;                                                       ;00000000;00000;000000;       ;                                                       ;00000000;00000;000000;       ;                                                       ;00000000;00000;000000;       ;                                                       ;00000000;00000;000000;       ;                                                       ;00000000;00000;000000;       ;                                                       ;00000000;00000;000000;       ;                                                       ;00000000;00000;000000;       ;                                                       ;00000000;00000;000000;       ;                                                       ;00000000;00000;000000;       ;                                                       ;00000000;00000;000000;       ;                                                       ;00000000;00000;000000;       ;                                                       ;00000000;00000;000000;       ;                                                       ;00000000;00000;000000;       ;                                                       ;00000000;00000;000000;       ;                                                       ;00000000;00000;000000;       ;                                                       ;00000000;00000;000000;       ;                                                       ;00000000;00000;000000;       ;                                                       ;00000000;00000;000000
08;05;9;123;99;Mediana de Voltoya                                ;99;99;00001;00000104;00000104;10000;00000083;07981;00000021;02019;00000000;00000;00000001;00120;000005;1003441;PP                                                     ;00000053;06463;000005;1030889;P.S.O.E.                                               ;00000012;01463;000000;       ;                                                       ;00000000;00000;000000;       ;                                                       ;00000000;00000;000000;       ;                                                       ;00000000;00000;000000;       ;                                                       ;00000000;00000;000000;       ;                                                       ;00000000;00000;000000;       ;                                                       ;00000000;00000;000000;       ;                                                       ;00000000;00000;000000;       ;                                                       ;00000000;00000;000000;       ;                                                       ;00000000;00000;000000;       ;                                                       ;00000000;00000;000000;       ;                                                       ;00000000;00000;000000;       ;                                                       ;00000000;00000;000000;       ;                                                       ;00000000;00000;000000;       ;                                                       ;00000000;00000;000000;       ;                                                       ;00000000;00000;000000;       ;                                                       ;00000000;00000;000000;       ;                                                       ;00000000;00000;000000;       ;                                                       ;00000000;00000;000000;       ;                                                       ;00000000;00000;000000;       ;                                                       ;00000000;00000;000000;       ;                                                       ;00000000;00000;000000;       ;                                                       ;00000000;00000;000000;       ;                                                       ;00000000;00000;000000;       ;                                                       ;00000000;00000;000000;       ;                                                       ;00000000;00000;000000;       ;                                                       ;00000000;00000;000000;       ;                                                       ;00000000;00000;000000;       ;                                                       ;00000000;00000;000000;       ;                                                       ;00000000;00000;000000;       ;                                                       ;00000000;00000;000000;       ;                                                       ;00000000;00000;000000;       ;                                                       ;00000000;00000;000000;       ;                                                       ;00000000;00000;000000;       ;                                                       ;00000000;00000;000000;       ;                                                       ;00000000;00000;000000;       ;                                                       ;00000000;00000;000000;       ;                                                       ;00000000;00000;000000;       ;                                                       ;00000000;00000;000000;       ;                                                       ;00000000;00000;000000;       ;                                                       ;00000000;00000;000000;       ;                                                       ;00000000;00000;000000;       ;                                                       ;00000000;00000;000000;       ;                                                       ;00000000;00000;000000;       ;                                                       ;00000000;00000;000000;       ;                                                       ;00000000;00000;000000;       ;                                                       ;00000000;00000;000000;       ;                                                       ;00000000;00000;000000;       ;                                                       ;00000000;00000;000000
08;05;9;124;99;Medinilla                                         ;99;99;00001;00000094;00000094;10000;00000077;08191;00000017;01809;00000004;00526;00000001;00130;000003;1003441;PP                                                     ;00000060;07895;000003;9689014;Cs                                                     ;00000009;01184;000000;1030889;P.S.O.E.                                               ;00000006;00789;000000;       ;                                                       ;00000000;00000;000000;       ;                                                       ;00000000;00000;000000;       ;                                                       ;00000000;00000;000000;       ;                                                       ;00000000;00000;000000;       ;                                                       ;00000000;00000;000000;       ;                                                       ;00000000;00000;000000;       ;                                                       ;00000000;00000;000000;       ;                                                       ;00000000;00000;000000;       ;                                                       ;00000000;00000;000000;       ;                                                       ;00000000;00000;000000;       ;                                                       ;00000000;00000;000000;       ;                                                       ;00000000;00000;000000;       ;                                                       ;00000000;00000;000000;       ;                                                       ;00000000;00000;000000;       ;                                                       ;00000000;00000;000000;       ;                                                       ;00000000;00000;000000;       ;                                                       ;00000000;00000;000000;       ;                                                       ;00000000;00000;000000;       ;                                                       ;00000000;00000;000000;       ;                                                       ;00000000;00000;000000;       ;                                                       ;00000000;00000;000000;       ;                                                       ;00000000;00000;000000;       ;                                                       ;00000000;00000;000000;       ;                                                       ;00000000;00000;000000;       ;                                                       ;00000000;00000;000000;       ;                                                       ;00000000;00000;000000;       ;                                                       ;00000000;00000;000000;       ;                                                       ;00000000;00000;000000;       ;                                                       ;00000000;00000;000000;       ;                                                       ;00000000;00000;000000;       ;                                                       ;00000000;00000;000000;       ;                                                       ;00000000;00000;000000;       ;                                                       ;00000000;00000;000000;       ;                                                       ;00000000;00000;000000;       ;                                                       ;00000000;00000;000000;       ;                                                       ;00000000;00000;000000;       ;                                                       ;00000000;00000;000000;       ;                                                       ;00000000;00000;000000;       ;                                                       ;00000000;00000;000000;       ;                                                       ;00000000;00000;000000;       ;                                                       ;00000000;00000;000000;       ;                                                       ;00000000;00000;000000;       ;                                                       ;00000000;00000;000000;       ;                                                       ;00000000;00000;000000;       ;                                                       ;00000000;00000;000000;       ;                                                       ;00000000;00000;000000;       ;                                                       ;00000000;00000;000000
08;05;9;125;99;Mengamuñoz                                        ;99;99;00001;00000056;00000056;10000;00000050;08929;00000006;01071;00000001;00208;00000002;00400;000003;1003441;PP                                                     ;00000029;06042;000002;1030889;P.S.O.E.                                               ;00000015;03125;000001;       ;                                                       ;00000000;00000;000000;       ;                                                       ;00000000;00000;000000;       ;                                                       ;00000000;00000;000000;       ;                                                       ;00000000;00000;000000;       ;                                                       ;00000000;00000;000000;       ;                                                       ;00000000;00000;000000;       ;                                                       ;00000000;00000;000000;       ;                                                       ;00000000;00000;000000;       ;                                                       ;00000000;00000;000000;       ;                                                       ;00000000;00000;000000;       ;                                                       ;00000000;00000;000000;       ;                                                       ;00000000;00000;000000;       ;                                                       ;00000000;00000;000000;       ;                                                       ;00000000;00000;000000;       ;                                                       ;00000000;00000;000000;       ;                                                       ;00000000;00000;000000;       ;                                                       ;00000000;00000;000000;       ;                                                       ;00000000;00000;000000;       ;                                                       ;00000000;00000;000000;       ;                                                       ;00000000;00000;000000;       ;                                                       ;00000000;00000;000000;       ;                                                       ;00000000;00000;000000;       ;                                                       ;00000000;00000;000000;       ;                                                       ;00000000;00000;000000;       ;                                                       ;00000000;00000;000000;       ;                                                       ;00000000;00000;000000;       ;                                                       ;00000000;00000;000000;       ;                                                       ;00000000;00000;000000;       ;                                                       ;00000000;00000;000000;       ;                                                       ;00000000;00000;000000;       ;                                                       ;00000000;00000;000000;       ;                                                       ;00000000;00000;000000;       ;                                                       ;00000000;00000;000000;       ;                                                       ;00000000;00000;000000;       ;                                                       ;00000000;00000;000000;       ;                                                       ;00000000;00000;000000;       ;                                                       ;00000000;00000;000000;       ;                                                       ;00000000;00000;000000;       ;                                                       ;00000000;00000;000000;       ;                                                       ;00000000;00000;000000;       ;                                                       ;00000000;00000;000000;       ;                                                       ;00000000;00000;000000;       ;                                                       ;00000000;00000;000000;       ;                                                       ;00000000;00000;000000;       ;                                                       ;00000000;00000;000000;       ;                                                       ;00000000;00000;000000;       ;                                                       ;00000000;00000;000000;       ;                                                       ;00000000;00000;000000
08;05;9;126;99;Mesegar de Corneja                                ;99;99;00001;00000062;00000062;10000;00000056;09032;00000006;00968;00000001;00179;00000000;00000;000003;1003441;PP                                                     ;00000033;05893;000002;1030889;P.S.O.E.                                               ;00000019;03393;000001;       ;                                                       ;00000000;00000;000000;       ;                                                       ;00000000;00000;000000;       ;                                                       ;00000000;00000;000000;       ;                                                       ;00000000;00000;000000;       ;                                                       ;00000000;00000;000000;       ;                                                       ;00000000;00000;000000;       ;                                                       ;00000000;00000;000000;       ;                                                       ;00000000;00000;000000;       ;                                                       ;00000000;00000;000000;       ;                                                       ;00000000;00000;000000;       ;                                                       ;00000000;00000;000000;       ;                                                       ;00000000;00000;000000;       ;                                                       ;00000000;00000;000000;       ;                                                       ;00000000;00000;000000;       ;                                                       ;00000000;00000;000000;       ;                                                       ;00000000;00000;000000;       ;                                                       ;00000000;00000;000000;       ;                                                       ;00000000;00000;000000;       ;                                                       ;00000000;00000;000000;       ;                                                       ;00000000;00000;000000;       ;                                                       ;00000000;00000;000000;       ;                                                       ;00000000;00000;000000;       ;                                                       ;00000000;00000;000000;       ;                                                       ;00000000;00000;000000;       ;                                                       ;00000000;00000;000000;       ;                                                       ;00000000;00000;000000;       ;                                                       ;00000000;00000;000000;       ;                                                       ;00000000;00000;000000;       ;                                                       ;00000000;00000;000000;       ;                                                       ;00000000;00000;000000;       ;                                                       ;00000000;00000;000000;       ;                                                       ;00000000;00000;000000;       ;                                                       ;00000000;00000;000000;       ;                                                       ;00000000;00000;000000;       ;                                                       ;00000000;00000;000000;       ;                                                       ;00000000;00000;000000;       ;                                                       ;00000000;00000;000000;       ;                                                       ;00000000;00000;000000;       ;                                                       ;00000000;00000;000000;       ;                                                       ;00000000;00000;000000;       ;                                                       ;00000000;00000;000000;       ;                                                       ;00000000;00000;000000;       ;                                                       ;00000000;00000;000000;       ;                                                       ;00000000;00000;000000;       ;                                                       ;00000000;00000;000000;       ;                                                       ;00000000;00000;000000;       ;                                                       ;00000000;00000;000000;       ;                                                       ;00000000;00000;000000
08;05;9;127;99;Mijares                                           ;99;99;00001;00000609;00000609;10000;00000543;08916;00000066;01084;00000007;00132;00000014;00258;000007;1030889;P.S.O.E.                                               ;00000216;04083;000003;1003441;PP                                                     ;00000210;03970;000003;9689014;Cs                                                     ;00000096;01815;000001;       ;                                                       ;00000000;00000;000000;       ;                                                       ;00000000;00000;000000;       ;                                                       ;00000000;00000;000000;       ;                                                       ;00000000;00000;000000;       ;                                                       ;00000000;00000;000000;       ;                                                       ;00000000;00000;000000;       ;                                                       ;00000000;00000;000000;       ;                                                       ;00000000;00000;000000;       ;                                                       ;00000000;00000;000000;       ;                                                       ;00000000;00000;000000;       ;                                                       ;00000000;00000;000000;       ;                                                       ;00000000;00000;000000;       ;                                                       ;00000000;00000;000000;       ;                                                       ;00000000;00000;000000;       ;                                                       ;00000000;00000;000000;       ;                                                       ;00000000;00000;000000;       ;                                                       ;00000000;00000;000000;       ;                                                       ;00000000;00000;000000;       ;                                                       ;00000000;00000;000000;       ;                                                       ;00000000;00000;000000;       ;                                                       ;00000000;00000;000000;       ;                                                       ;00000000;00000;000000;       ;                                                       ;00000000;00000;000000;       ;                                                       ;00000000;00000;000000;       ;                                                       ;00000000;00000;000000;       ;                                                       ;00000000;00000;000000;       ;                                                       ;00000000;00000;000000;       ;                                                       ;00000000;00000;000000;       ;                                                       ;00000000;00000;000000;       ;                                                       ;00000000;00000;000000;       ;                                                       ;00000000;00000;000000;       ;                                                       ;00000000;00000;000000;       ;                                                       ;00000000;00000;000000;       ;                                                       ;00000000;00000;000000;       ;                                                       ;00000000;00000;000000;       ;                                                       ;00000000;00000;000000;       ;                                                       ;00000000;00000;000000;       ;                                                       ;00000000;00000;000000;       ;                                                       ;00000000;00000;000000;       ;                                                       ;00000000;00000;000000;       ;                                                       ;00000000;00000;000000;       ;                                                       ;00000000;00000;000000;       ;                                                       ;00000000;00000;000000;       ;                                                       ;00000000;00000;000000;       ;                                                       ;00000000;00000;000000;       ;                                                       ;00000000;00000;000000;       ;                                                       ;00000000;00000;000000
08;05;9;128;99;Mingorría                                         ;99;99;00001;00000342;00000342;10000;00000272;07953;00000070;02047;00000013;00489;00000006;00221;000007;1003441;PP                                                     ;00000152;05714;000004;1022293;IZQUIERDA UNIDA-EQUO                                   ;00000061;02293;000002;1030889;P.S.O.E.                                               ;00000040;01504;000001;       ;                                                       ;00000000;00000;000000;       ;                                                       ;00000000;00000;000000;       ;                                                       ;00000000;00000;000000;       ;                                                       ;00000000;00000;000000;       ;                                                       ;00000000;00000;000000;       ;                                                       ;00000000;00000;000000;       ;                                                       ;00000000;00000;000000;       ;                                                       ;00000000;00000;000000;       ;                                                       ;00000000;00000;000000;       ;                                                       ;00000000;00000;000000;       ;                                                       ;00000000;00000;000000;       ;                                                       ;00000000;00000;000000;       ;                                                       ;00000000;00000;000000;       ;                                                       ;00000000;00000;000000;       ;                                                       ;00000000;00000;000000;       ;                                                       ;00000000;00000;000000;       ;                                                       ;00000000;00000;000000;       ;                                                       ;00000000;00000;000000;       ;                                                       ;00000000;00000;000000;       ;                                                       ;00000000;00000;000000;       ;                                                       ;00000000;00000;000000;       ;                                                       ;00000000;00000;000000;       ;                                                       ;00000000;00000;000000;       ;                                                       ;00000000;00000;000000;       ;                                                       ;00000000;00000;000000;       ;                                                       ;00000000;00000;000000;       ;                                                       ;00000000;00000;000000;       ;                                                       ;00000000;00000;000000;       ;                                                       ;00000000;00000;000000;       ;                                                       ;00000000;00000;000000;       ;                                                       ;00000000;00000;000000;       ;                                                       ;00000000;00000;000000;       ;                                                       ;00000000;00000;000000;       ;                                                       ;00000000;00000;000000;       ;                                                       ;00000000;00000;000000;       ;                                                       ;00000000;00000;000000;       ;                                                       ;00000000;00000;000000;       ;                                                       ;00000000;00000;000000;       ;                                                       ;00000000;00000;000000;       ;                                                       ;00000000;00000;000000;       ;                                                       ;00000000;00000;000000;       ;                                                       ;00000000;00000;000000;       ;                                                       ;00000000;00000;000000;       ;                                                       ;00000000;00000;000000;       ;                                                       ;00000000;00000;000000;       ;                                                       ;00000000;00000;000000;       ;                                                       ;00000000;00000;000000
08;05;9;130;99;Mironcillo                                        ;99;99;00001;00000094;00000094;10000;00000090;09574;00000004;00426;00000000;00000;00000000;00000;000003;1022852;XAV                                                    ;00000045;05000;000001;1015473;AEMI                                                   ;00000039;04333;000001;1003441;PP                                                     ;00000032;03556;000001;1030889;P.S.O.E.                                               ;00000029;03222;000000;1023822;AD                                                     ;00000010;01111;000000;       ;                                                       ;00000000;00000;000000;       ;                                                       ;00000000;00000;000000;       ;                                                       ;00000000;00000;000000;       ;                                                       ;00000000;00000;000000;       ;                                                       ;00000000;00000;000000;       ;                                                       ;00000000;00000;000000;       ;                                                       ;00000000;00000;000000;       ;                                                       ;00000000;00000;000000;       ;                                                       ;00000000;00000;000000;       ;                                                       ;00000000;00000;000000;       ;                                                       ;00000000;00000;000000;       ;                                                       ;00000000;00000;000000;       ;                                                       ;00000000;00000;000000;       ;                                                       ;00000000;00000;000000;       ;                                                       ;00000000;00000;000000;       ;                                                       ;00000000;00000;000000;       ;                                                       ;00000000;00000;000000;       ;                                                       ;00000000;00000;000000;       ;                                                       ;00000000;00000;000000;       ;                                                       ;00000000;00000;000000;       ;                                                       ;00000000;00000;000000;       ;                                                       ;00000000;00000;000000;       ;                                                       ;00000000;00000;000000;       ;                                                       ;00000000;00000;000000;       ;                                                       ;00000000;00000;000000;       ;                                                       ;00000000;00000;000000;       ;                                                       ;00000000;00000;000000;       ;                                                       ;00000000;00000;000000;       ;                                                       ;00000000;00000;000000;       ;                                                       ;00000000;00000;000000;       ;                                                       ;00000000;00000;000000;       ;                                                       ;00000000;00000;000000;       ;                                                       ;00000000;00000;000000;       ;                                                       ;00000000;00000;000000;       ;                                                       ;00000000;00000;000000;       ;                                                       ;00000000;00000;000000;       ;                                                       ;00000000;00000;000000;       ;                                                       ;00000000;00000;000000;       ;                                                       ;00000000;00000;000000;       ;                                                       ;00000000;00000;000000;       ;                                                       ;00000000;00000;000000;       ;                                                       ;00000000;00000;000000;       ;                                                       ;00000000;00000;000000;       ;                                                       ;00000000;00000;000000;       ;                                                       ;00000000;00000;000000
08;05;9;131;99;Mirueña de los Infanzones                         ;99;99;00001;00000097;00000097;10000;00000082;08454;00000015;01546;00000000;00000;00000000;00000;000003;1003441;PP                                                     ;00000054;06585;000002;9689014;Cs                                                     ;00000026;03171;000001;1030889;P.S.O.E.                                               ;00000001;00122;000000;       ;                                                       ;00000000;00000;000000;       ;                                                       ;00000000;00000;000000;       ;                                                       ;00000000;00000;000000;       ;                                                       ;00000000;00000;000000;       ;                                                       ;00000000;00000;000000;       ;                                                       ;00000000;00000;000000;       ;                                                       ;00000000;00000;000000;       ;                                                       ;00000000;00000;000000;       ;                                                       ;00000000;00000;000000;       ;                                                       ;00000000;00000;000000;       ;                                                       ;00000000;00000;000000;       ;                                                       ;00000000;00000;000000;       ;                                                       ;00000000;00000;000000;       ;                                                       ;00000000;00000;000000;       ;                                                       ;00000000;00000;000000;       ;                                                       ;00000000;00000;000000;       ;                                                       ;00000000;00000;000000;       ;                                                       ;00000000;00000;000000;       ;                                                       ;00000000;00000;000000;       ;                                                       ;00000000;00000;000000;       ;                                                       ;00000000;00000;000000;       ;                                                       ;00000000;00000;000000;       ;                                                       ;00000000;00000;000000;       ;                                                       ;00000000;00000;000000;       ;                                                       ;00000000;00000;000000;       ;                                                       ;00000000;00000;000000;       ;                                                       ;00000000;00000;000000;       ;                                                       ;00000000;00000;000000;       ;                                                       ;00000000;00000;000000;       ;                                                       ;00000000;00000;000000;       ;                                                       ;00000000;00000;000000;       ;                                                       ;00000000;00000;000000;       ;                                                       ;00000000;00000;000000;       ;                                                       ;00000000;00000;000000;       ;                                                       ;00000000;00000;000000;       ;                                                       ;00000000;00000;000000;       ;                                                       ;00000000;00000;000000;       ;                                                       ;00000000;00000;000000;       ;                                                       ;00000000;00000;000000;       ;                                                       ;00000000;00000;000000;       ;                                                       ;00000000;00000;000000;       ;                                                       ;00000000;00000;000000;       ;                                                       ;00000000;00000;000000;       ;                                                       ;00000000;00000;000000;       ;                                                       ;00000000;00000;000000;       ;                                                       ;00000000;00000;000000;       ;                                                       ;00000000;00000;000000
08;05;9;129;99;Mirón, El                                         ;99;99;00001;00000117;00000117;10000;00000070;05983;00000047;04017;00000005;00735;00000002;00286;000005;1003441;PP                                                     ;00000043;06324;000005;1030889;P.S.O.E.                                               ;00000014;02059;000000;       ;                                                       ;00000000;00000;000000;       ;                                                       ;00000000;00000;000000;       ;                                                       ;00000000;00000;000000;       ;                                                       ;00000000;00000;000000;       ;                                                       ;00000000;00000;000000;       ;                                                       ;00000000;00000;000000;       ;                                                       ;00000000;00000;000000;       ;                                                       ;00000000;00000;000000;       ;                                                       ;00000000;00000;000000;       ;                                                       ;00000000;00000;000000;       ;                                                       ;00000000;00000;000000;       ;                                                       ;00000000;00000;000000;       ;                                                       ;00000000;00000;000000;       ;                                                       ;00000000;00000;000000;       ;                                                       ;00000000;00000;000000;       ;                                                       ;00000000;00000;000000;       ;                                                       ;00000000;00000;000000;       ;                                                       ;00000000;00000;000000;       ;                                                       ;00000000;00000;000000;       ;                                                       ;00000000;00000;000000;       ;                                                       ;00000000;00000;000000;       ;                                                       ;00000000;00000;000000;       ;                                                       ;00000000;00000;000000;       ;                                                       ;00000000;00000;000000;       ;                                                       ;00000000;00000;000000;       ;                                                       ;00000000;00000;000000;       ;                                                       ;00000000;00000;000000;       ;                                                       ;00000000;00000;000000;       ;                                                       ;00000000;00000;000000;       ;                                                       ;00000000;00000;000000;       ;                                                       ;00000000;00000;000000;       ;                                                       ;00000000;00000;000000;       ;                                                       ;00000000;00000;000000;       ;                                                       ;00000000;00000;000000;       ;                                                       ;00000000;00000;000000;       ;                                                       ;00000000;00000;000000;       ;                                                       ;00000000;00000;000000;       ;                                                       ;00000000;00000;000000;       ;                                                       ;00000000;00000;000000;       ;                                                       ;00000000;00000;000000;       ;                                                       ;00000000;00000;000000;       ;                                                       ;00000000;00000;000000;       ;                                                       ;00000000;00000;000000;       ;                                                       ;00000000;00000;000000;       ;                                                       ;00000000;00000;000000;       ;                                                       ;00000000;00000;000000;       ;                                                       ;00000000;00000;000000;       ;                                                       ;00000000;00000;000000
08;05;9;132;99;Mombeltrán                                        ;99;99;00001;00000880;00000880;10000;00000700;07955;00000180;02045;00000001;00015;00000021;00300;000009;1022852;XAV                                                    ;00000409;06024;000006;1003441;PP                                                     ;00000240;03535;000003;9689014;Cs                                                     ;00000019;00280;000000;1030889;P.S.O.E.                                               ;00000010;00147;000000;       ;                                                       ;00000000;00000;000000;       ;                                                       ;00000000;00000;000000;       ;                                                       ;00000000;00000;000000;       ;                                                       ;00000000;00000;000000;       ;                                                       ;00000000;00000;000000;       ;                                                       ;00000000;00000;000000;       ;                                                       ;00000000;00000;000000;       ;                                                       ;00000000;00000;000000;       ;                                                       ;00000000;00000;000000;       ;                                                       ;00000000;00000;000000;       ;                                                       ;00000000;00000;000000;       ;                                                       ;00000000;00000;000000;       ;                                                       ;00000000;00000;000000;       ;                                                       ;00000000;00000;000000;       ;                                                       ;00000000;00000;000000;       ;                                                       ;00000000;00000;000000;       ;                                                       ;00000000;00000;000000;       ;                                                       ;00000000;00000;000000;       ;                                                       ;00000000;00000;000000;       ;                                                       ;00000000;00000;000000;       ;                                                       ;00000000;00000;000000;       ;                                                       ;00000000;00000;000000;       ;                                                       ;00000000;00000;000000;       ;                                                       ;00000000;00000;000000;       ;                                                       ;00000000;00000;000000;       ;                                                       ;00000000;00000;000000;       ;                                                       ;00000000;00000;000000;       ;                                                       ;00000000;00000;000000;       ;                                                       ;00000000;00000;000000;       ;                                                       ;00000000;00000;000000;       ;                                                       ;00000000;00000;000000;       ;                                                       ;00000000;00000;000000;       ;                                                       ;00000000;00000;000000;       ;                                                       ;00000000;00000;000000;       ;                                                       ;00000000;00000;000000;       ;                                                       ;00000000;00000;000000;       ;                                                       ;00000000;00000;000000;       ;                                                       ;00000000;00000;000000;       ;                                                       ;00000000;00000;000000;       ;                                                       ;00000000;00000;000000;       ;                                                       ;00000000;00000;000000;       ;                                                       ;00000000;00000;000000;       ;                                                       ;00000000;00000;000000;       ;                                                       ;00000000;00000;000000;       ;                                                       ;00000000;00000;000000;       ;                                                       ;00000000;00000;000000
08;05;9;133;99;Monsalupe                                         ;99;99;00001;00000067;00000067;10000;00000050;07463;00000017;02537;00000003;00625;00000002;00400;000003;1003441;PP                                                     ;00000036;07500;000002;1030889;P.S.O.E.                                               ;00000009;01875;000001;       ;                                                       ;00000000;00000;000000;       ;                                                       ;00000000;00000;000000;       ;                                                       ;00000000;00000;000000;       ;                                                       ;00000000;00000;000000;       ;                                                       ;00000000;00000;000000;       ;                                                       ;00000000;00000;000000;       ;                                                       ;00000000;00000;000000;       ;                                                       ;00000000;00000;000000;       ;                                                       ;00000000;00000;000000;       ;                                                       ;00000000;00000;000000;       ;                                                       ;00000000;00000;000000;       ;                                                       ;00000000;00000;000000;       ;                                                       ;00000000;00000;000000;       ;                                                       ;00000000;00000;000000;       ;                                                       ;00000000;00000;000000;       ;                                                       ;00000000;00000;000000;       ;                                                       ;00000000;00000;000000;       ;                                                       ;00000000;00000;000000;       ;                                                       ;00000000;00000;000000;       ;                                                       ;00000000;00000;000000;       ;                                                       ;00000000;00000;000000;       ;                                                       ;00000000;00000;000000;       ;                                                       ;00000000;00000;000000;       ;                                                       ;00000000;00000;000000;       ;                                                       ;00000000;00000;000000;       ;                                                       ;00000000;00000;000000;       ;                                                       ;00000000;00000;000000;       ;                                                       ;00000000;00000;000000;       ;                                                       ;00000000;00000;000000;       ;                                                       ;00000000;00000;000000;       ;                                                       ;00000000;00000;000000;       ;                                                       ;00000000;00000;000000;       ;                                                       ;00000000;00000;000000;       ;                                                       ;00000000;00000;000000;       ;                                                       ;00000000;00000;000000;       ;                                                       ;00000000;00000;000000;       ;                                                       ;00000000;00000;000000;       ;                                                       ;00000000;00000;000000;       ;                                                       ;00000000;00000;000000;       ;                                                       ;00000000;00000;000000;       ;                                                       ;00000000;00000;000000;       ;                                                       ;00000000;00000;000000;       ;                                                       ;00000000;00000;000000;       ;                                                       ;00000000;00000;000000;       ;                                                       ;00000000;00000;000000;       ;                                                       ;00000000;00000;000000;       ;                                                       ;00000000;00000;000000;       ;                                                       ;00000000;00000;000000
08;05;9;134;99;Moraleja de Matacabras                            ;99;99;00001;00000049;00000049;10000;00000045;09184;00000004;00816;00000001;00222;00000000;00000;000003;1003441;PP                                                     ;00000037;08222;000003;1030889;P.S.O.E.                                               ;00000004;00889;000000;       ;                                                       ;00000000;00000;000000;       ;                                                       ;00000000;00000;000000;       ;                                                       ;00000000;00000;000000;       ;                                                       ;00000000;00000;000000;       ;                                                       ;00000000;00000;000000;       ;                                                       ;00000000;00000;000000;       ;                                                       ;00000000;00000;000000;       ;                                                       ;00000000;00000;000000;       ;                                                       ;00000000;00000;000000;       ;                                                       ;00000000;00000;000000;       ;                                                       ;00000000;00000;000000;       ;                                                       ;00000000;00000;000000;       ;                                                       ;00000000;00000;000000;       ;                                                       ;00000000;00000;000000;       ;                                                       ;00000000;00000;000000;       ;                                                       ;00000000;00000;000000;       ;                                                       ;00000000;00000;000000;       ;                                                       ;00000000;00000;000000;       ;                                                       ;00000000;00000;000000;       ;                                                       ;00000000;00000;000000;       ;                                                       ;00000000;00000;000000;       ;                                                       ;00000000;00000;000000;       ;                                                       ;00000000;00000;000000;       ;                                                       ;00000000;00000;000000;       ;                                                       ;00000000;00000;000000;       ;                                                       ;00000000;00000;000000;       ;                                                       ;00000000;00000;000000;       ;                                                       ;00000000;00000;000000;       ;                                                       ;00000000;00000;000000;       ;                                                       ;00000000;00000;000000;       ;                                                       ;00000000;00000;000000;       ;                                                       ;00000000;00000;000000;       ;                                                       ;00000000;00000;000000;       ;                                                       ;00000000;00000;000000;       ;                                                       ;00000000;00000;000000;       ;                                                       ;00000000;00000;000000;       ;                                                       ;00000000;00000;000000;       ;                                                       ;00000000;00000;000000;       ;                                                       ;00000000;00000;000000;       ;                                                       ;00000000;00000;000000;       ;                                                       ;00000000;00000;000000;       ;                                                       ;00000000;00000;000000;       ;                                                       ;00000000;00000;000000;       ;                                                       ;00000000;00000;000000;       ;                                                       ;00000000;00000;000000;       ;                                                       ;00000000;00000;000000;       ;                                                       ;00000000;00000;000000;       ;                                                       ;00000000;00000;000000
08;05;9;135;99;Muñana                                            ;99;99;00001;00000400;00000400;10000;00000309;07725;00000091;02275;00000009;00304;00000013;00421;000007;1003441;PP                                                     ;00000146;04932;000004;1030889;P.S.O.E.                                               ;00000141;04764;000003;       ;                                                       ;00000000;00000;000000;       ;                                                       ;00000000;00000;000000;       ;                                                       ;00000000;00000;000000;       ;                                                       ;00000000;00000;000000;       ;                                                       ;00000000;00000;000000;       ;                                                       ;00000000;00000;000000;       ;                                                       ;00000000;00000;000000;       ;                                                       ;00000000;00000;000000;       ;                                                       ;00000000;00000;000000;       ;                                                       ;00000000;00000;000000;       ;                                                       ;00000000;00000;000000;       ;                                                       ;00000000;00000;000000;       ;                                                       ;00000000;00000;000000;       ;                                                       ;00000000;00000;000000;       ;                                                       ;00000000;00000;000000;       ;                                                       ;00000000;00000;000000;       ;                                                       ;00000000;00000;000000;       ;                                                       ;00000000;00000;000000;       ;                                                       ;00000000;00000;000000;       ;                                                       ;00000000;00000;000000;       ;                                                       ;00000000;00000;000000;       ;                                                       ;00000000;00000;000000;       ;                                                       ;00000000;00000;000000;       ;                                                       ;00000000;00000;000000;       ;                                                       ;00000000;00000;000000;       ;                                                       ;00000000;00000;000000;       ;                                                       ;00000000;00000;000000;       ;                                                       ;00000000;00000;000000;       ;                                                       ;00000000;00000;000000;       ;                                                       ;00000000;00000;000000;       ;                                                       ;00000000;00000;000000;       ;                                                       ;00000000;00000;000000;       ;                                                       ;00000000;00000;000000;       ;                                                       ;00000000;00000;000000;       ;                                                       ;00000000;00000;000000;       ;                                                       ;00000000;00000;000000;       ;                                                       ;00000000;00000;000000;       ;                                                       ;00000000;00000;000000;       ;                                                       ;00000000;00000;000000;       ;                                                       ;00000000;00000;000000;       ;                                                       ;00000000;00000;000000;       ;                                                       ;00000000;00000;000000;       ;                                                       ;00000000;00000;000000;       ;                                                       ;00000000;00000;000000;       ;                                                       ;00000000;00000;000000;       ;                                                       ;00000000;00000;000000;       ;                                                       ;00000000;00000;000000;       ;                                                       ;00000000;00000;000000
08;05;9;136;99;Muñico                                            ;99;99;00001;00000084;00000084;10000;00000066;07857;00000018;02143;00000003;00526;00000009;01364;000003;1003441;PP                                                     ;00000028;04912;000002;1030889;P.S.O.E.                                               ;00000025;04386;000001;       ;                                                       ;00000000;00000;000000;       ;                                                       ;00000000;00000;000000;       ;                                                       ;00000000;00000;000000;       ;                                                       ;00000000;00000;000000;       ;                                                       ;00000000;00000;000000;       ;                                                       ;00000000;00000;000000;       ;                                                       ;00000000;00000;000000;       ;                                                       ;00000000;00000;000000;       ;                                                       ;00000000;00000;000000;       ;                                                       ;00000000;00000;000000;       ;                                                       ;00000000;00000;000000;       ;                                                       ;00000000;00000;000000;       ;                                                       ;00000000;00000;000000;       ;                                                       ;00000000;00000;000000;       ;                                                       ;00000000;00000;000000;       ;                                                       ;00000000;00000;000000;       ;                                                       ;00000000;00000;000000;       ;                                                       ;00000000;00000;000000;       ;                                                       ;00000000;00000;000000;       ;                                                       ;00000000;00000;000000;       ;                                                       ;00000000;00000;000000;       ;                                                       ;00000000;00000;000000;       ;                                                       ;00000000;00000;000000;       ;                                                       ;00000000;00000;000000;       ;                                                       ;00000000;00000;000000;       ;                                                       ;00000000;00000;000000;       ;                                                       ;00000000;00000;000000;       ;                                                       ;00000000;00000;000000;       ;                                                       ;00000000;00000;000000;       ;                                                       ;00000000;00000;000000;       ;                                                       ;00000000;00000;000000;       ;                                                       ;00000000;00000;000000;       ;                                                       ;00000000;00000;000000;       ;                                                       ;00000000;00000;000000;       ;                                                       ;00000000;00000;000000;       ;                                                       ;00000000;00000;000000;       ;                                                       ;00000000;00000;000000;       ;                                                       ;00000000;00000;000000;       ;                                                       ;00000000;00000;000000;       ;                                                       ;00000000;00000;000000;       ;                                                       ;00000000;00000;000000;       ;                                                       ;00000000;00000;000000;       ;                                                       ;00000000;00000;000000;       ;                                                       ;00000000;00000;000000;       ;                                                       ;00000000;00000;000000;       ;                                                       ;00000000;00000;000000;       ;                                                       ;00000000;00000;000000;       ;                                                       ;00000000;00000;000000
08;05;9;138;99;Muñogalindo                                       ;99;99;00001;00000292;00000292;10000;00000207;07089;00000085;02911;00000004;00199;00000006;00290;000007;1003441;PP                                                     ;00000156;07761;000006;1030889;P.S.O.E.                                               ;00000041;02040;000001;       ;                                                       ;00000000;00000;000000;       ;                                                       ;00000000;00000;000000;       ;                                                       ;00000000;00000;000000;       ;                                                       ;00000000;00000;000000;       ;                                                       ;00000000;00000;000000;       ;                                                       ;00000000;00000;000000;       ;                                                       ;00000000;00000;000000;       ;                                                       ;00000000;00000;000000;       ;                                                       ;00000000;00000;000000;       ;                                                       ;00000000;00000;000000;       ;                                                       ;00000000;00000;000000;       ;                                                       ;00000000;00000;000000;       ;                                                       ;00000000;00000;000000;       ;                                                       ;00000000;00000;000000;       ;                                                       ;00000000;00000;000000;       ;                                                       ;00000000;00000;000000;       ;                                                       ;00000000;00000;000000;       ;                                                       ;00000000;00000;000000;       ;                                                       ;00000000;00000;000000;       ;                                                       ;00000000;00000;000000;       ;                                                       ;00000000;00000;000000;       ;                                                       ;00000000;00000;000000;       ;                                                       ;00000000;00000;000000;       ;                                                       ;00000000;00000;000000;       ;                                                       ;00000000;00000;000000;       ;                                                       ;00000000;00000;000000;       ;                                                       ;00000000;00000;000000;       ;                                                       ;00000000;00000;000000;       ;                                                       ;00000000;00000;000000;       ;                                                       ;00000000;00000;000000;       ;                                                       ;00000000;00000;000000;       ;                                                       ;00000000;00000;000000;       ;                                                       ;00000000;00000;000000;       ;                                                       ;00000000;00000;000000;       ;                                                       ;00000000;00000;000000;       ;                                                       ;00000000;00000;000000;       ;                                                       ;00000000;00000;000000;       ;                                                       ;00000000;00000;000000;       ;                                                       ;00000000;00000;000000;       ;                                                       ;00000000;00000;000000;       ;                                                       ;00000000;00000;000000;       ;                                                       ;00000000;00000;000000;       ;                                                       ;00000000;00000;000000;       ;                                                       ;00000000;00000;000000;       ;                                                       ;00000000;00000;000000;       ;                                                       ;00000000;00000;000000;       ;                                                       ;00000000;00000;000000;       ;                                                       ;00000000;00000;000000
08;05;9;139;99;Muñogrande                                        ;99;99;00001;00000066;00000066;10000;00000059;08939;00000007;01061;00000005;00877;00000002;00339;000003;1003441;PP                                                     ;00000045;07895;000003;1030889;P.S.O.E.                                               ;00000003;00526;000000;       ;                                                       ;00000000;00000;000000;       ;                                                       ;00000000;00000;000000;       ;                                                       ;00000000;00000;000000;       ;                                                       ;00000000;00000;000000;       ;                                                       ;00000000;00000;000000;       ;                                                       ;00000000;00000;000000;       ;                                                       ;00000000;00000;000000;       ;                                                       ;00000000;00000;000000;       ;                                                       ;00000000;00000;000000;       ;                                                       ;00000000;00000;000000;       ;                                                       ;00000000;00000;000000;       ;                                                       ;00000000;00000;000000;       ;                                                       ;00000000;00000;000000;       ;                                                       ;00000000;00000;000000;       ;                                                       ;00000000;00000;000000;       ;                                                       ;00000000;00000;000000;       ;                                                       ;00000000;00000;000000;       ;                                                       ;00000000;00000;000000;       ;                                                       ;00000000;00000;000000;       ;                                                       ;00000000;00000;000000;       ;                                                       ;00000000;00000;000000;       ;                                                       ;00000000;00000;000000;       ;                                                       ;00000000;00000;000000;       ;                                                       ;00000000;00000;000000;       ;                                                       ;00000000;00000;000000;       ;                                                       ;00000000;00000;000000;       ;                                                       ;00000000;00000;000000;       ;                                                       ;00000000;00000;000000;       ;                                                       ;00000000;00000;000000;       ;                                                       ;00000000;00000;000000;       ;                                                       ;00000000;00000;000000;       ;                                                       ;00000000;00000;000000;       ;                                                       ;00000000;00000;000000;       ;                                                       ;00000000;00000;000000;       ;                                                       ;00000000;00000;000000;       ;                                                       ;00000000;00000;000000;       ;                                                       ;00000000;00000;000000;       ;                                                       ;00000000;00000;000000;       ;                                                       ;00000000;00000;000000;       ;                                                       ;00000000;00000;000000;       ;                                                       ;00000000;00000;000000;       ;                                                       ;00000000;00000;000000;       ;                                                       ;00000000;00000;000000;       ;                                                       ;00000000;00000;000000;       ;                                                       ;00000000;00000;000000;       ;                                                       ;00000000;00000;000000;       ;                                                       ;00000000;00000;000000;       ;                                                       ;00000000;00000;000000
08;05;9;140;99;Muñomer del Peco                                  ;99;99;00001;00000103;00000104;10000;00000087;08365;00000017;01635;00000005;00617;00000006;00690;000005;1003441;PP                                                     ;00000046;05679;000004;1030889;P.S.O.E.                                               ;00000026;03210;000001;       ;                                                       ;00000000;00000;000000;       ;                                                       ;00000000;00000;000000;       ;                                                       ;00000000;00000;000000;       ;                                                       ;00000000;00000;000000;       ;                                                       ;00000000;00000;000000;       ;                                                       ;00000000;00000;000000;       ;                                                       ;00000000;00000;000000;       ;                                                       ;00000000;00000;000000;       ;                                                       ;00000000;00000;000000;       ;                                                       ;00000000;00000;000000;       ;                                                       ;00000000;00000;000000;       ;                                                       ;00000000;00000;000000;       ;                                                       ;00000000;00000;000000;       ;                                                       ;00000000;00000;000000;       ;                                                       ;00000000;00000;000000;       ;                                                       ;00000000;00000;000000;       ;                                                       ;00000000;00000;000000;       ;                                                       ;00000000;00000;000000;       ;                                                       ;00000000;00000;000000;       ;                                                       ;00000000;00000;000000;       ;                                                       ;00000000;00000;000000;       ;                                                       ;00000000;00000;000000;       ;                                                       ;00000000;00000;000000;       ;                                                       ;00000000;00000;000000;       ;                                                       ;00000000;00000;000000;       ;                                                       ;00000000;00000;000000;       ;                                                       ;00000000;00000;000000;       ;                                                       ;00000000;00000;000000;       ;                                                       ;00000000;00000;000000;       ;                                                       ;00000000;00000;000000;       ;                                                       ;00000000;00000;000000;       ;                                                       ;00000000;00000;000000;       ;                                                       ;00000000;00000;000000;       ;                                                       ;00000000;00000;000000;       ;                                                       ;00000000;00000;000000;       ;                                                       ;00000000;00000;000000;       ;                                                       ;00000000;00000;000000;       ;                                                       ;00000000;00000;000000;       ;                                                       ;00000000;00000;000000;       ;                                                       ;00000000;00000;000000;       ;                                                       ;00000000;00000;000000;       ;                                                       ;00000000;00000;000000;       ;                                                       ;00000000;00000;000000;       ;                                                       ;00000000;00000;000000;       ;                                                       ;00000000;00000;000000;       ;                                                       ;00000000;00000;000000;       ;                                                       ;00000000;00000;000000;       ;                                                       ;00000000;00000;000000
08;05;9;141;99;Muñopepe                                          ;99;99;00001;00000097;00000097;10000;00000087;08969;00000010;01031;00000008;00920;00000000;00000;000005;1003441;PP                                                     ;00000043;04943;000003;1030889;P.S.O.E.                                               ;00000040;04598;000002;       ;                                                       ;00000000;00000;000000;       ;                                                       ;00000000;00000;000000;       ;                                                       ;00000000;00000;000000;       ;                                                       ;00000000;00000;000000;       ;                                                       ;00000000;00000;000000;       ;                                                       ;00000000;00000;000000;       ;                                                       ;00000000;00000;000000;       ;                                                       ;00000000;00000;000000;       ;                                                       ;00000000;00000;000000;       ;                                                       ;00000000;00000;000000;       ;                                                       ;00000000;00000;000000;       ;                                                       ;00000000;00000;000000;       ;                                                       ;00000000;00000;000000;       ;                                                       ;00000000;00000;000000;       ;                                                       ;00000000;00000;000000;       ;                                                       ;00000000;00000;000000;       ;                                                       ;00000000;00000;000000;       ;                                                       ;00000000;00000;000000;       ;                                                       ;00000000;00000;000000;       ;                                                       ;00000000;00000;000000;       ;                                                       ;00000000;00000;000000;       ;                                                       ;00000000;00000;000000;       ;                                                       ;00000000;00000;000000;       ;                                                       ;00000000;00000;000000;       ;                                                       ;00000000;00000;000000;       ;                                                       ;00000000;00000;000000;       ;                                                       ;00000000;00000;000000;       ;                                                       ;00000000;00000;000000;       ;                                                       ;00000000;00000;000000;       ;                                                       ;00000000;00000;000000;       ;                                                       ;00000000;00000;000000;       ;                                                       ;00000000;00000;000000;       ;                                                       ;00000000;00000;000000;       ;                                                       ;00000000;00000;000000;       ;                                                       ;00000000;00000;000000;       ;                                                       ;00000000;00000;000000;       ;                                                       ;00000000;00000;000000;       ;                                                       ;00000000;00000;000000;       ;                                                       ;00000000;00000;000000;       ;                                                       ;00000000;00000;000000;       ;                                                       ;00000000;00000;000000;       ;                                                       ;00000000;00000;000000;       ;                                                       ;00000000;00000;000000;       ;                                                       ;00000000;00000;000000;       ;                                                       ;00000000;00000;000000;       ;                                                       ;00000000;00000;000000;       ;                                                       ;00000000;00000;000000;       ;                                                       ;00000000;00000;000000
08;05;9;142;99;Muñosancho                                        ;99;99;00001;00000091;00000091;10000;00000084;09231;00000007;00769;00000001;00132;00000008;00952;000003;1003441;PP                                                     ;00000048;06316;000002;1030889;P.S.O.E.                                               ;00000015;01974;000001;       ;                                                       ;00000000;00000;000000;       ;                                                       ;00000000;00000;000000;       ;                                                       ;00000000;00000;000000;       ;                                                       ;00000000;00000;000000;       ;                                                       ;00000000;00000;000000;       ;                                                       ;00000000;00000;000000;       ;                                                       ;00000000;00000;000000;       ;                                                       ;00000000;00000;000000;       ;                                                       ;00000000;00000;000000;       ;                                                       ;00000000;00000;000000;       ;                                                       ;00000000;00000;000000;       ;                                                       ;00000000;00000;000000;       ;                                                       ;00000000;00000;000000;       ;                                                       ;00000000;00000;000000;       ;                                                       ;00000000;00000;000000;       ;                                                       ;00000000;00000;000000;       ;                                                       ;00000000;00000;000000;       ;                                                       ;00000000;00000;000000;       ;                                                       ;00000000;00000;000000;       ;                                                       ;00000000;00000;000000;       ;                                                       ;00000000;00000;000000;       ;                                                       ;00000000;00000;000000;       ;                                                       ;00000000;00000;000000;       ;                                                       ;00000000;00000;000000;       ;                                                       ;00000000;00000;000000;       ;                                                       ;00000000;00000;000000;       ;                                                       ;00000000;00000;000000;       ;                                                       ;00000000;00000;000000;       ;                                                       ;00000000;00000;000000;       ;                                                       ;00000000;00000;000000;       ;                                                       ;00000000;00000;000000;       ;                                                       ;00000000;00000;000000;       ;                                                       ;00000000;00000;000000;       ;                                                       ;00000000;00000;000000;       ;                                                       ;00000000;00000;000000;       ;                                                       ;00000000;00000;000000;       ;                                                       ;00000000;00000;000000;       ;                                                       ;00000000;00000;000000;       ;                                                       ;00000000;00000;000000;       ;                                                       ;00000000;00000;000000;       ;                                                       ;00000000;00000;000000;       ;                                                       ;00000000;00000;000000;       ;                                                       ;00000000;00000;000000;       ;                                                       ;00000000;00000;000000;       ;                                                       ;00000000;00000;000000;       ;                                                       ;00000000;00000;000000;       ;                                                       ;00000000;00000;000000;       ;                                                       ;00000000;00000;000000
08;05;9;143;99;Muñotello                                         ;99;99;00001;00000062;00000062;10000;00000047;07581;00000015;02419;00000000;00000;00000000;00000;000003;1003441;PP                                                     ;00000035;07447;000002;1030889;P.S.O.E.                                               ;00000021;04468;000001;       ;                                                       ;00000000;00000;000000;       ;                                                       ;00000000;00000;000000;       ;                                                       ;00000000;00000;000000;       ;                                                       ;00000000;00000;000000;       ;                                                       ;00000000;00000;000000;       ;                                                       ;00000000;00000;000000;       ;                                                       ;00000000;00000;000000;       ;                                                       ;00000000;00000;000000;       ;                                                       ;00000000;00000;000000;       ;                                                       ;00000000;00000;000000;       ;                                                       ;00000000;00000;000000;       ;                                                       ;00000000;00000;000000;       ;                                                       ;00000000;00000;000000;       ;                                                       ;00000000;00000;000000;       ;                                                       ;00000000;00000;000000;       ;                                                       ;00000000;00000;000000;       ;                                                       ;00000000;00000;000000;       ;                                                       ;00000000;00000;000000;       ;                                                       ;00000000;00000;000000;       ;                                                       ;00000000;00000;000000;       ;                                                       ;00000000;00000;000000;       ;                                                       ;00000000;00000;000000;       ;                                                       ;00000000;00000;000000;       ;                                                       ;00000000;00000;000000;       ;                                                       ;00000000;00000;000000;       ;                                                       ;00000000;00000;000000;       ;                                                       ;00000000;00000;000000;       ;                                                       ;00000000;00000;000000;       ;                                                       ;00000000;00000;000000;       ;                                                       ;00000000;00000;000000;       ;                                                       ;00000000;00000;000000;       ;                                                       ;00000000;00000;000000;       ;                                                       ;00000000;00000;000000;       ;                                                       ;00000000;00000;000000;       ;                                                       ;00000000;00000;000000;       ;                                                       ;00000000;00000;000000;       ;                                                       ;00000000;00000;000000;       ;                                                       ;00000000;00000;000000;       ;                                                       ;00000000;00000;000000;       ;                                                       ;00000000;00000;000000;       ;                                                       ;00000000;00000;000000;       ;                                                       ;00000000;00000;000000;       ;                                                       ;00000000;00000;000000;       ;                                                       ;00000000;00000;000000;       ;                                                       ;00000000;00000;000000;       ;                                                       ;00000000;00000;000000;       ;                                                       ;00000000;00000;000000;       ;                                                       ;00000000;00000;000000
08;05;9;145;99;Narrillos del Rebollar                            ;99;99;00001;00000046;00000046;10000;00000034;07391;00000012;02609;00000002;00625;00000002;00588;000003;1003441;PP                                                     ;00000023;07188;000003;1030889;P.S.O.E.                                               ;00000006;01875;000000;       ;                                                       ;00000000;00000;000000;       ;                                                       ;00000000;00000;000000;       ;                                                       ;00000000;00000;000000;       ;                                                       ;00000000;00000;000000;       ;                                                       ;00000000;00000;000000;       ;                                                       ;00000000;00000;000000;       ;                                                       ;00000000;00000;000000;       ;                                                       ;00000000;00000;000000;       ;                                                       ;00000000;00000;000000;       ;                                                       ;00000000;00000;000000;       ;                                                       ;00000000;00000;000000;       ;                                                       ;00000000;00000;000000;       ;                                                       ;00000000;00000;000000;       ;                                                       ;00000000;00000;000000;       ;                                                       ;00000000;00000;000000;       ;                                                       ;00000000;00000;000000;       ;                                                       ;00000000;00000;000000;       ;                                                       ;00000000;00000;000000;       ;                                                       ;00000000;00000;000000;       ;                                                       ;00000000;00000;000000;       ;                                                       ;00000000;00000;000000;       ;                                                       ;00000000;00000;000000;       ;                                                       ;00000000;00000;000000;       ;                                                       ;00000000;00000;000000;       ;                                                       ;00000000;00000;000000;       ;                                                       ;00000000;00000;000000;       ;                                                       ;00000000;00000;000000;       ;                                                       ;00000000;00000;000000;       ;                                                       ;00000000;00000;000000;       ;                                                       ;00000000;00000;000000;       ;                                                       ;00000000;00000;000000;       ;                                                       ;00000000;00000;000000;       ;                                                       ;00000000;00000;000000;       ;                                                       ;00000000;00000;000000;       ;                                                       ;00000000;00000;000000;       ;                                                       ;00000000;00000;000000;       ;                                                       ;00000000;00000;000000;       ;                                                       ;00000000;00000;000000;       ;                                                       ;00000000;00000;000000;       ;                                                       ;00000000;00000;000000;       ;                                                       ;00000000;00000;000000;       ;                                                       ;00000000;00000;000000;       ;                                                       ;00000000;00000;000000;       ;                                                       ;00000000;00000;000000;       ;                                                       ;00000000;00000;000000;       ;                                                       ;00000000;00000;000000;       ;                                                       ;00000000;00000;000000;       ;                                                       ;00000000;00000;000000
08;05;9;144;99;Narrillos del Álamo                               ;99;99;00001;00000066;00000066;10000;00000047;07121;00000019;02879;00000001;00213;00000000;00000;000003;1003441;PP                                                     ;00000038;08085;000003;1030889;P.S.O.E.                                               ;00000005;01064;000000;       ;                                                       ;00000000;00000;000000;       ;                                                       ;00000000;00000;000000;       ;                                                       ;00000000;00000;000000;       ;                                                       ;00000000;00000;000000;       ;                                                       ;00000000;00000;000000;       ;                                                       ;00000000;00000;000000;       ;                                                       ;00000000;00000;000000;       ;                                                       ;00000000;00000;000000;       ;                                                       ;00000000;00000;000000;       ;                                                       ;00000000;00000;000000;       ;                                                       ;00000000;00000;000000;       ;                                                       ;00000000;00000;000000;       ;                                                       ;00000000;00000;000000;       ;                                                       ;00000000;00000;000000;       ;                                                       ;00000000;00000;000000;       ;                                                       ;00000000;00000;000000;       ;                                                       ;00000000;00000;000000;       ;                                                       ;00000000;00000;000000;       ;                                                       ;00000000;00000;000000;       ;                                                       ;00000000;00000;000000;       ;                                                       ;00000000;00000;000000;       ;                                                       ;00000000;00000;000000;       ;                                                       ;00000000;00000;000000;       ;                                                       ;00000000;00000;000000;       ;                                                       ;00000000;00000;000000;       ;                                                       ;00000000;00000;000000;       ;                                                       ;00000000;00000;000000;       ;                                                       ;00000000;00000;000000;       ;                                                       ;00000000;00000;000000;       ;                                                       ;00000000;00000;000000;       ;                                                       ;00000000;00000;000000;       ;                                                       ;00000000;00000;000000;       ;                                                       ;00000000;00000;000000;       ;                                                       ;00000000;00000;000000;       ;                                                       ;00000000;00000;000000;       ;                                                       ;00000000;00000;000000;       ;                                                       ;00000000;00000;000000;       ;                                                       ;00000000;00000;000000;       ;                                                       ;00000000;00000;000000;       ;                                                       ;00000000;00000;000000;       ;                                                       ;00000000;00000;000000;       ;                                                       ;00000000;00000;000000;       ;                                                       ;00000000;00000;000000;       ;                                                       ;00000000;00000;000000;       ;                                                       ;00000000;00000;000000;       ;                                                       ;00000000;00000;000000;       ;                                                       ;00000000;00000;000000;       ;                                                       ;00000000;00000;000000
08;05;9;149;99;Narros de Saldueña                                ;99;99;00001;00000103;00000103;10000;00000091;08835;00000012;01165;00000003;00345;00000004;00440;000005;1003441;PP                                                     ;00000052;05977;000004;1030889;P.S.O.E.                                               ;00000026;02989;000001;1032704;IU-EQUO                                                ;00000029;03333;000000;       ;                                                       ;00000000;00000;000000;       ;                                                       ;00000000;00000;000000;       ;                                                       ;00000000;00000;000000;       ;                                                       ;00000000;00000;000000;       ;                                                       ;00000000;00000;000000;       ;                                                       ;00000000;00000;000000;       ;                                                       ;00000000;00000;000000;       ;                                                       ;00000000;00000;000000;       ;                                                       ;00000000;00000;000000;       ;                                                       ;00000000;00000;000000;       ;                                                       ;00000000;00000;000000;       ;                                                       ;00000000;00000;000000;       ;                                                       ;00000000;00000;000000;       ;                                                       ;00000000;00000;000000;       ;                                                       ;00000000;00000;000000;       ;                                                       ;00000000;00000;000000;       ;                                                       ;00000000;00000;000000;       ;                                                       ;00000000;00000;000000;       ;                                                       ;00000000;00000;000000;       ;                                                       ;00000000;00000;000000;       ;                                                       ;00000000;00000;000000;       ;                                                       ;00000000;00000;000000;       ;                                                       ;00000000;00000;000000;       ;                                                       ;00000000;00000;000000;       ;                                                       ;00000000;00000;000000;       ;                                                       ;00000000;00000;000000;       ;                                                       ;00000000;00000;000000;       ;                                                       ;00000000;00000;000000;       ;                                                       ;00000000;00000;000000;       ;                                                       ;00000000;00000;000000;       ;                                                       ;00000000;00000;000000;       ;                                                       ;00000000;00000;000000;       ;                                                       ;00000000;00000;000000;       ;                                                       ;00000000;00000;000000;       ;                                                       ;00000000;00000;000000;       ;                                                       ;00000000;00000;000000;       ;                                                       ;00000000;00000;000000;       ;                                                       ;00000000;00000;000000;       ;                                                       ;00000000;00000;000000;       ;                                                       ;00000000;00000;000000;       ;                                                       ;00000000;00000;000000;       ;                                                       ;00000000;00000;000000;       ;                                                       ;00000000;00000;000000;       ;                                                       ;00000000;00000;000000;       ;                                                       ;00000000;00000;000000;       ;                                                       ;00000000;00000;000000;       ;                                                       ;00000000;00000;000000
08;05;9;147;99;Narros del Castillo                               ;99;99;00001;00000145;00000145;10000;00000110;07586;00000035;02414;00000013;01300;00000010;00909;000005;1003441;PP                                                     ;00000046;04600;000005;1030889;P.S.O.E.                                               ;00000014;01400;000000;       ;                                                       ;00000000;00000;000000;       ;                                                       ;00000000;00000;000000;       ;                                                       ;00000000;00000;000000;       ;                                                       ;00000000;00000;000000;       ;                                                       ;00000000;00000;000000;       ;                                                       ;00000000;00000;000000;       ;                                                       ;00000000;00000;000000;       ;                                                       ;00000000;00000;000000;       ;                                                       ;00000000;00000;000000;       ;                                                       ;00000000;00000;000000;       ;                                                       ;00000000;00000;000000;       ;                                                       ;00000000;00000;000000;       ;                                                       ;00000000;00000;000000;       ;                                                       ;00000000;00000;000000;       ;                                                       ;00000000;00000;000000;       ;                                                       ;00000000;00000;000000;       ;                                                       ;00000000;00000;000000;       ;                                                       ;00000000;00000;000000;       ;                                                       ;00000000;00000;000000;       ;                                                       ;00000000;00000;000000;       ;                                                       ;00000000;00000;000000;       ;                                                       ;00000000;00000;000000;       ;                                                       ;00000000;00000;000000;       ;                                                       ;00000000;00000;000000;       ;                                                       ;00000000;00000;000000;       ;                                                       ;00000000;00000;000000;       ;                                                       ;00000000;00000;000000;       ;                                                       ;00000000;00000;000000;       ;                                                       ;00000000;00000;000000;       ;                                                       ;00000000;00000;000000;       ;                                                       ;00000000;00000;000000;       ;                                                       ;00000000;00000;000000;       ;                                                       ;00000000;00000;000000;       ;                                                       ;00000000;00000;000000;       ;                                                       ;00000000;00000;000000;       ;                                                       ;00000000;00000;000000;       ;                                                       ;00000000;00000;000000;       ;                                                       ;00000000;00000;000000;       ;                                                       ;00000000;00000;000000;       ;                                                       ;00000000;00000;000000;       ;                                                       ;00000000;00000;000000;       ;                                                       ;00000000;00000;000000;       ;                                                       ;00000000;00000;000000;       ;                                                       ;00000000;00000;000000;       ;                                                       ;00000000;00000;000000;       ;                                                       ;00000000;00000;000000;       ;                                                       ;00000000;00000;000000;       ;                                                       ;00000000;00000;000000
08;05;9;148;99;Narros del Puerto                                 ;99;99;00001;00000023;00000023;10000;00000017;07391;00000006;02609;00000000;00000;00000000;00000;000003;1030889;P.S.O.E.                                               ;00000013;07647;000003;1003441;PP                                                     ;00000003;01765;000000;       ;                                                       ;00000000;00000;000000;       ;                                                       ;00000000;00000;000000;       ;                                                       ;00000000;00000;000000;       ;                                                       ;00000000;00000;000000;       ;                                                       ;00000000;00000;000000;       ;                                                       ;00000000;00000;000000;       ;                                                       ;00000000;00000;000000;       ;                                                       ;00000000;00000;000000;       ;                                                       ;00000000;00000;000000;       ;                                                       ;00000000;00000;000000;       ;                                                       ;00000000;00000;000000;       ;                                                       ;00000000;00000;000000;       ;                                                       ;00000000;00000;000000;       ;                                                       ;00000000;00000;000000;       ;                                                       ;00000000;00000;000000;       ;                                                       ;00000000;00000;000000;       ;                                                       ;00000000;00000;000000;       ;                                                       ;00000000;00000;000000;       ;                                                       ;00000000;00000;000000;       ;                                                       ;00000000;00000;000000;       ;                                                       ;00000000;00000;000000;       ;                                                       ;00000000;00000;000000;       ;                                                       ;00000000;00000;000000;       ;                                                       ;00000000;00000;000000;       ;                                                       ;00000000;00000;000000;       ;                                                       ;00000000;00000;000000;       ;                                                       ;00000000;00000;000000;       ;                                                       ;00000000;00000;000000;       ;                                                       ;00000000;00000;000000;       ;                                                       ;00000000;00000;000000;       ;                                                       ;00000000;00000;000000;       ;                                                       ;00000000;00000;000000;       ;                                                       ;00000000;00000;000000;       ;                                                       ;00000000;00000;000000;       ;                                                       ;00000000;00000;000000;       ;                                                       ;00000000;00000;000000;       ;                                                       ;00000000;00000;000000;       ;                                                       ;00000000;00000;000000;       ;                                                       ;00000000;00000;000000;       ;                                                       ;00000000;00000;000000;       ;                                                       ;00000000;00000;000000;       ;                                                       ;00000000;00000;000000;       ;                                                       ;00000000;00000;000000;       ;                                                       ;00000000;00000;000000;       ;                                                       ;00000000;00000;000000;       ;                                                       ;00000000;00000;000000;       ;                                                       ;00000000;00000;000000;       ;                                                       ;00000000;00000;000000
08;05;9;152;99;Nava de Arévalo                                   ;99;99;00001;00000658;00000658;10000;00000536;08146;00000122;01854;00000010;00191;00000013;00243;000007;1003441;PP                                                     ;00000300;05736;000004;1030889;P.S.O.E.                                               ;00000125;02390;000002;9689014;Cs                                                     ;00000088;01683;000001;       ;                                                       ;00000000;00000;000000;       ;                                                       ;00000000;00000;000000;       ;                                                       ;00000000;00000;000000;       ;                                                       ;00000000;00000;000000;       ;                                                       ;00000000;00000;000000;       ;                                                       ;00000000;00000;000000;       ;                                                       ;00000000;00000;000000;       ;                                                       ;00000000;00000;000000;       ;                                                       ;00000000;00000;000000;       ;                                                       ;00000000;00000;000000;       ;                                                       ;00000000;00000;000000;       ;                                                       ;00000000;00000;000000;       ;                                                       ;00000000;00000;000000;       ;                                                       ;00000000;00000;000000;       ;                                                       ;00000000;00000;000000;       ;                                                       ;00000000;00000;000000;       ;                                                       ;00000000;00000;000000;       ;                                                       ;00000000;00000;000000;       ;                                                       ;00000000;00000;000000;       ;                                                       ;00000000;00000;000000;       ;                                                       ;00000000;00000;000000;       ;                                                       ;00000000;00000;000000;       ;                                                       ;00000000;00000;000000;       ;                                                       ;00000000;00000;000000;       ;                                                       ;00000000;00000;000000;       ;                                                       ;00000000;00000;000000;       ;                                                       ;00000000;00000;000000;       ;                                                       ;00000000;00000;000000;       ;                                                       ;00000000;00000;000000;       ;                                                       ;00000000;00000;000000;       ;                                                       ;00000000;00000;000000;       ;                                                       ;00000000;00000;000000;       ;                                                       ;00000000;00000;000000;       ;                                                       ;00000000;00000;000000;       ;                                                       ;00000000;00000;000000;       ;                                                       ;00000000;00000;000000;       ;                                                       ;00000000;00000;000000;       ;                                                       ;00000000;00000;000000;       ;                                                       ;00000000;00000;000000;       ;                                                       ;00000000;00000;000000;       ;                                                       ;00000000;00000;000000;       ;                                                       ;00000000;00000;000000;       ;                                                       ;00000000;00000;000000;       ;                                                       ;00000000;00000;000000;       ;                                                       ;00000000;00000;000000;       ;                                                       ;00000000;00000;000000;       ;                                                       ;00000000;00000;000000
08;05;9;153;99;Nava del Barco                                    ;99;99;00001;00000085;00000085;10000;00000066;07765;00000019;02235;00000000;00000;00000002;00303;000003;1003441;PP                                                     ;00000031;04844;000002;1030889;P.S.O.E.                                               ;00000041;06406;000001;       ;                                                       ;00000000;00000;000000;       ;                                                       ;00000000;00000;000000;       ;                                                       ;00000000;00000;000000;       ;                                                       ;00000000;00000;000000;       ;                                                       ;00000000;00000;000000;       ;                                                       ;00000000;00000;000000;       ;                                                       ;00000000;00000;000000;       ;                                                       ;00000000;00000;000000;       ;                                                       ;00000000;00000;000000;       ;                                                       ;00000000;00000;000000;       ;                                                       ;00000000;00000;000000;       ;                                                       ;00000000;00000;000000;       ;                                                       ;00000000;00000;000000;       ;                                                       ;00000000;00000;000000;       ;                                                       ;00000000;00000;000000;       ;                                                       ;00000000;00000;000000;       ;                                                       ;00000000;00000;000000;       ;                                                       ;00000000;00000;000000;       ;                                                       ;00000000;00000;000000;       ;                                                       ;00000000;00000;000000;       ;                                                       ;00000000;00000;000000;       ;                                                       ;00000000;00000;000000;       ;                                                       ;00000000;00000;000000;       ;                                                       ;00000000;00000;000000;       ;                                                       ;00000000;00000;000000;       ;                                                       ;00000000;00000;000000;       ;                                                       ;00000000;00000;000000;       ;                                                       ;00000000;00000;000000;       ;                                                       ;00000000;00000;000000;       ;                                                       ;00000000;00000;000000;       ;                                                       ;00000000;00000;000000;       ;                                                       ;00000000;00000;000000;       ;                                                       ;00000000;00000;000000;       ;                                                       ;00000000;00000;000000;       ;                                                       ;00000000;00000;000000;       ;                                                       ;00000000;00000;000000;       ;                                                       ;00000000;00000;000000;       ;                                                       ;00000000;00000;000000;       ;                                                       ;00000000;00000;000000;       ;                                                       ;00000000;00000;000000;       ;                                                       ;00000000;00000;000000;       ;                                                       ;00000000;00000;000000;       ;                                                       ;00000000;00000;000000;       ;                                                       ;00000000;00000;000000;       ;                                                       ;00000000;00000;000000;       ;                                                       ;00000000;00000;000000;       ;                                                       ;00000000;00000;000000;       ;                                                       ;00000000;00000;000000
08;05;9;151;99;Navacepedilla de Corneja                          ;99;99;00001;00000081;00000081;10000;00000065;08025;00000016;01975;00000000;00000;00000004;00615;000003;1003441;PP                                                     ;00000047;07705;000003;1030889;P.S.O.E.                                               ;00000009;01475;000000;9689014;Cs                                                     ;00000007;01148;000000;       ;                                                       ;00000000;00000;000000;       ;                                                       ;00000000;00000;000000;       ;                                                       ;00000000;00000;000000;       ;                                                       ;00000000;00000;000000;       ;                                                       ;00000000;00000;000000;       ;                                                       ;00000000;00000;000000;       ;                                                       ;00000000;00000;000000;       ;                                                       ;00000000;00000;000000;       ;                                                       ;00000000;00000;000000;       ;                                                       ;00000000;00000;000000;       ;                                                       ;00000000;00000;000000;       ;                                                       ;00000000;00000;000000;       ;                                                       ;00000000;00000;000000;       ;                                                       ;00000000;00000;000000;       ;                                                       ;00000000;00000;000000;       ;                                                       ;00000000;00000;000000;       ;                                                       ;00000000;00000;000000;       ;                                                       ;00000000;00000;000000;       ;                                                       ;00000000;00000;000000;       ;                                                       ;00000000;00000;000000;       ;                                                       ;00000000;00000;000000;       ;                                                       ;00000000;00000;000000;       ;                                                       ;00000000;00000;000000;       ;                                                       ;00000000;00000;000000;       ;                                                       ;00000000;00000;000000;       ;                                                       ;00000000;00000;000000;       ;                                                       ;00000000;00000;000000;       ;                                                       ;00000000;00000;000000;       ;                                                       ;00000000;00000;000000;       ;                                                       ;00000000;00000;000000;       ;                                                       ;00000000;00000;000000;       ;                                                       ;00000000;00000;000000;       ;                                                       ;00000000;00000;000000;       ;                                                       ;00000000;00000;000000;       ;                                                       ;00000000;00000;000000;       ;                                                       ;00000000;00000;000000;       ;                                                       ;00000000;00000;000000;       ;                                                       ;00000000;00000;000000;       ;                                                       ;00000000;00000;000000;       ;                                                       ;00000000;00000;000000;       ;                                                       ;00000000;00000;000000;       ;                                                       ;00000000;00000;000000;       ;                                                       ;00000000;00000;000000;       ;                                                       ;00000000;00000;000000;       ;                                                       ;00000000;00000;000000;       ;                                                       ;00000000;00000;000000;       ;                                                       ;00000000;00000;000000
08;05;9;154;99;Navadijos                                         ;99;99;00001;00000035;00000035;10000;00000035;10000;00000000;00000;00000000;00000;00000002;00571;000003;1003441;PP                                                     ;00000023;06970;000003;1030889;P.S.O.E.                                               ;00000009;02727;000000;       ;                                                       ;00000000;00000;000000;       ;                                                       ;00000000;00000;000000;       ;                                                       ;00000000;00000;000000;       ;                                                       ;00000000;00000;000000;       ;                                                       ;00000000;00000;000000;       ;                                                       ;00000000;00000;000000;       ;                                                       ;00000000;00000;000000;       ;                                                       ;00000000;00000;000000;       ;                                                       ;00000000;00000;000000;       ;                                                       ;00000000;00000;000000;       ;                                                       ;00000000;00000;000000;       ;                                                       ;00000000;00000;000000;       ;                                                       ;00000000;00000;000000;       ;                                                       ;00000000;00000;000000;       ;                                                       ;00000000;00000;000000;       ;                                                       ;00000000;00000;000000;       ;                                                       ;00000000;00000;000000;       ;                                                       ;00000000;00000;000000;       ;                                                       ;00000000;00000;000000;       ;                                                       ;00000000;00000;000000;       ;                                                       ;00000000;00000;000000;       ;                                                       ;00000000;00000;000000;       ;                                                       ;00000000;00000;000000;       ;                                                       ;00000000;00000;000000;       ;                                                       ;00000000;00000;000000;       ;                                                       ;00000000;00000;000000;       ;                                                       ;00000000;00000;000000;       ;                                                       ;00000000;00000;000000;       ;                                                       ;00000000;00000;000000;       ;                                                       ;00000000;00000;000000;       ;                                                       ;00000000;00000;000000;       ;                                                       ;00000000;00000;000000;       ;                                                       ;00000000;00000;000000;       ;                                                       ;00000000;00000;000000;       ;                                                       ;00000000;00000;000000;       ;                                                       ;00000000;00000;000000;       ;                                                       ;00000000;00000;000000;       ;                                                       ;00000000;00000;000000;       ;                                                       ;00000000;00000;000000;       ;                                                       ;00000000;00000;000000;       ;                                                       ;00000000;00000;000000;       ;                                                       ;00000000;00000;000000;       ;                                                       ;00000000;00000;000000;       ;                                                       ;00000000;00000;000000;       ;                                                       ;00000000;00000;000000;       ;                                                       ;00000000;00000;000000;       ;                                                       ;00000000;00000;000000;       ;                                                       ;00000000;00000;000000
08;05;9;155;99;Navaescurial                                      ;99;99;00001;00000047;00000047;10000;00000043;09149;00000004;00851;00000000;00000;00000001;00233;000003;1015975;IU-EQUO                                                ;00000036;08571;000003;1003441;PP                                                     ;00000005;01190;000000;1030889;P.S.O.E.                                               ;00000000;00000;000000;       ;                                                       ;00000000;00000;000000;       ;                                                       ;00000000;00000;000000;       ;                                                       ;00000000;00000;000000;       ;                                                       ;00000000;00000;000000;       ;                                                       ;00000000;00000;000000;       ;                                                       ;00000000;00000;000000;       ;                                                       ;00000000;00000;000000;       ;                                                       ;00000000;00000;000000;       ;                                                       ;00000000;00000;000000;       ;                                                       ;00000000;00000;000000;       ;                                                       ;00000000;00000;000000;       ;                                                       ;00000000;00000;000000;       ;                                                       ;00000000;00000;000000;       ;                                                       ;00000000;00000;000000;       ;                                                       ;00000000;00000;000000;       ;                                                       ;00000000;00000;000000;       ;                                                       ;00000000;00000;000000;       ;                                                       ;00000000;00000;000000;       ;                                                       ;00000000;00000;000000;       ;                                                       ;00000000;00000;000000;       ;                                                       ;00000000;00000;000000;       ;                                                       ;00000000;00000;000000;       ;                                                       ;00000000;00000;000000;       ;                                                       ;00000000;00000;000000;       ;                                                       ;00000000;00000;000000;       ;                                                       ;00000000;00000;000000;       ;                                                       ;00000000;00000;000000;       ;                                                       ;00000000;00000;000000;       ;                                                       ;00000000;00000;000000;       ;                                                       ;00000000;00000;000000;       ;                                                       ;00000000;00000;000000;       ;                                                       ;00000000;00000;000000;       ;                                                       ;00000000;00000;000000;       ;                                                       ;00000000;00000;000000;       ;                                                       ;00000000;00000;000000;       ;                                                       ;00000000;00000;000000;       ;                                                       ;00000000;00000;000000;       ;                                                       ;00000000;00000;000000;       ;                                                       ;00000000;00000;000000;       ;                                                       ;00000000;00000;000000;       ;                                                       ;00000000;00000;000000;       ;                                                       ;00000000;00000;000000;       ;                                                       ;00000000;00000;000000;       ;                                                       ;00000000;00000;000000;       ;                                                       ;00000000;00000;000000;       ;                                                       ;00000000;00000;000000;       ;                                                       ;00000000;00000;000000
08;05;9;156;99;Navahondilla                                      ;99;99;00001;00000237;00000237;10000;00000133;05612;00000104;04388;00000010;00758;00000001;00075;000007;1003441;PP                                                     ;00000105;07955;000006;1030889;P.S.O.E.                                               ;00000017;01288;000001;       ;                                                       ;00000000;00000;000000;       ;                                                       ;00000000;00000;000000;       ;                                                       ;00000000;00000;000000;       ;                                                       ;00000000;00000;000000;       ;                                                       ;00000000;00000;000000;       ;                                                       ;00000000;00000;000000;       ;                                                       ;00000000;00000;000000;       ;                                                       ;00000000;00000;000000;       ;                                                       ;00000000;00000;000000;       ;                                                       ;00000000;00000;000000;       ;                                                       ;00000000;00000;000000;       ;                                                       ;00000000;00000;000000;       ;                                                       ;00000000;00000;000000;       ;                                                       ;00000000;00000;000000;       ;                                                       ;00000000;00000;000000;       ;                                                       ;00000000;00000;000000;       ;                                                       ;00000000;00000;000000;       ;                                                       ;00000000;00000;000000;       ;                                                       ;00000000;00000;000000;       ;                                                       ;00000000;00000;000000;       ;                                                       ;00000000;00000;000000;       ;                                                       ;00000000;00000;000000;       ;                                                       ;00000000;00000;000000;       ;                                                       ;00000000;00000;000000;       ;                                                       ;00000000;00000;000000;       ;                                                       ;00000000;00000;000000;       ;                                                       ;00000000;00000;000000;       ;                                                       ;00000000;00000;000000;       ;                                                       ;00000000;00000;000000;       ;                                                       ;00000000;00000;000000;       ;                                                       ;00000000;00000;000000;       ;                                                       ;00000000;00000;000000;       ;                                                       ;00000000;00000;000000;       ;                                                       ;00000000;00000;000000;       ;                                                       ;00000000;00000;000000;       ;                                                       ;00000000;00000;000000;       ;                                                       ;00000000;00000;000000;       ;                                                       ;00000000;00000;000000;       ;                                                       ;00000000;00000;000000;       ;                                                       ;00000000;00000;000000;       ;                                                       ;00000000;00000;000000;       ;                                                       ;00000000;00000;000000;       ;                                                       ;00000000;00000;000000;       ;                                                       ;00000000;00000;000000;       ;                                                       ;00000000;00000;000000;       ;                                                       ;00000000;00000;000000;       ;                                                       ;00000000;00000;000000;       ;                                                       ;00000000;00000;000000
08;05;9;157;99;Navalacruz                                        ;99;99;00001;00000234;00000234;10000;00000196;08376;00000038;01624;00000000;00000;00000007;00357;000005;1030889;P.S.O.E.                                               ;00000140;07407;000005;1022852;XAV                                                    ;00000047;02487;000000;1003441;PP                                                     ;00000001;00053;000000;       ;                                                       ;00000000;00000;000000;       ;                                                       ;00000000;00000;000000;       ;                                                       ;00000000;00000;000000;       ;                                                       ;00000000;00000;000000;       ;                                                       ;00000000;00000;000000;       ;                                                       ;00000000;00000;000000;       ;                                                       ;00000000;00000;000000;       ;                                                       ;00000000;00000;000000;       ;                                                       ;00000000;00000;000000;       ;                                                       ;00000000;00000;000000;       ;                                                       ;00000000;00000;000000;       ;                                                       ;00000000;00000;000000;       ;                                                       ;00000000;00000;000000;       ;                                                       ;00000000;00000;000000;       ;                                                       ;00000000;00000;000000;       ;                                                       ;00000000;00000;000000;       ;                                                       ;00000000;00000;000000;       ;                                                       ;00000000;00000;000000;       ;                                                       ;00000000;00000;000000;       ;                                                       ;00000000;00000;000000;       ;                                                       ;00000000;00000;000000;       ;                                                       ;00000000;00000;000000;       ;                                                       ;00000000;00000;000000;       ;                                                       ;00000000;00000;000000;       ;                                                       ;00000000;00000;000000;       ;                                                       ;00000000;00000;000000;       ;                                                       ;00000000;00000;000000;       ;                                                       ;00000000;00000;000000;       ;                                                       ;00000000;00000;000000;       ;                                                       ;00000000;00000;000000;       ;                                                       ;00000000;00000;000000;       ;                                                       ;00000000;00000;000000;       ;                                                       ;00000000;00000;000000;       ;                                                       ;00000000;00000;000000;       ;                                                       ;00000000;00000;000000;       ;                                                       ;00000000;00000;000000;       ;                                                       ;00000000;00000;000000;       ;                                                       ;00000000;00000;000000;       ;                                                       ;00000000;00000;000000;       ;                                                       ;00000000;00000;000000;       ;                                                       ;00000000;00000;000000;       ;                                                       ;00000000;00000;000000;       ;                                                       ;00000000;00000;000000;       ;                                                       ;00000000;00000;000000;       ;                                                       ;00000000;00000;000000;       ;                                                       ;00000000;00000;000000;       ;                                                       ;00000000;00000;000000
08;05;9;158;99;Navalmoral                                        ;99;99;00001;00000345;00000345;10000;00000310;08986;00000035;01014;00000003;00097;00000001;00032;000007;1003441;PP                                                     ;00000091;02945;000002;1026165;VOX                                                    ;00000076;02460;000002;1026013;PODEMOS                                                ;00000049;01586;000001;1030889;P.S.O.E.                                               ;00000045;01456;000001;1006225;5                                                      ;00000045;01456;000001;       ;                                                       ;00000000;00000;000000;       ;                                                       ;00000000;00000;000000;       ;                                                       ;00000000;00000;000000;       ;                                                       ;00000000;00000;000000;       ;                                                       ;00000000;00000;000000;       ;                                                       ;00000000;00000;000000;       ;                                                       ;00000000;00000;000000;       ;                                                       ;00000000;00000;000000;       ;                                                       ;00000000;00000;000000;       ;                                                       ;00000000;00000;000000;       ;                                                       ;00000000;00000;000000;       ;                                                       ;00000000;00000;000000;       ;                                                       ;00000000;00000;000000;       ;                                                       ;00000000;00000;000000;       ;                                                       ;00000000;00000;000000;       ;                                                       ;00000000;00000;000000;       ;                                                       ;00000000;00000;000000;       ;                                                       ;00000000;00000;000000;       ;                                                       ;00000000;00000;000000;       ;                                                       ;00000000;00000;000000;       ;                                                       ;00000000;00000;000000;       ;                                                       ;00000000;00000;000000;       ;                                                       ;00000000;00000;000000;       ;                                                       ;00000000;00000;000000;       ;                                                       ;00000000;00000;000000;       ;                                                       ;00000000;00000;000000;       ;                                                       ;00000000;00000;000000;       ;                                                       ;00000000;00000;000000;       ;                                                       ;00000000;00000;000000;       ;                                                       ;00000000;00000;000000;       ;                                                       ;00000000;00000;000000;       ;                                                       ;00000000;00000;000000;       ;                                                       ;00000000;00000;000000;       ;                                                       ;00000000;00000;000000;       ;                                                       ;00000000;00000;000000;       ;                                                       ;00000000;00000;000000;       ;                                                       ;00000000;00000;000000;       ;                                                       ;00000000;00000;000000;       ;                                                       ;00000000;00000;000000;       ;                                                       ;00000000;00000;000000;       ;                                                       ;00000000;00000;000000;       ;                                                       ;00000000;00000;000000;       ;                                                       ;00000000;00000;000000;       ;                                                       ;00000000;00000;000000;       ;                                                       ;00000000;00000;000000
08;05;9;159;99;Navalonguilla                                     ;99;99;00001;00000228;00000228;10000;00000143;06272;00000085;03728;00000017;01441;00000025;01748;000005;1003441;PP                                                     ;00000077;06525;000005;1030889;P.S.O.E.                                               ;00000027;02288;000000;       ;                                                       ;00000000;00000;000000;       ;                                                       ;00000000;00000;000000;       ;                                                       ;00000000;00000;000000;       ;                                                       ;00000000;00000;000000;       ;                                                       ;00000000;00000;000000;       ;                                                       ;00000000;00000;000000;       ;                                                       ;00000000;00000;000000;       ;                                                       ;00000000;00000;000000;       ;                                                       ;00000000;00000;000000;       ;                                                       ;00000000;00000;000000;       ;                                                       ;00000000;00000;000000;       ;                                                       ;00000000;00000;000000;       ;                                                       ;00000000;00000;000000;       ;                                                       ;00000000;00000;000000;       ;                                                       ;00000000;00000;000000;       ;                                                       ;00000000;00000;000000;       ;                                                       ;00000000;00000;000000;       ;                                                       ;00000000;00000;000000;       ;                                                       ;00000000;00000;000000;       ;                                                       ;00000000;00000;000000;       ;                                                       ;00000000;00000;000000;       ;                                                       ;00000000;00000;000000;       ;                                                       ;00000000;00000;000000;       ;                                                       ;00000000;00000;000000;       ;                                                       ;00000000;00000;000000;       ;                                                       ;00000000;00000;000000;       ;                                                       ;00000000;00000;000000;       ;                                                       ;00000000;00000;000000;       ;                                                       ;00000000;00000;000000;       ;                                                       ;00000000;00000;000000;       ;                                                       ;00000000;00000;000000;       ;                                                       ;00000000;00000;000000;       ;                                                       ;00000000;00000;000000;       ;                                                       ;00000000;00000;000000;       ;                                                       ;00000000;00000;000000;       ;                                                       ;00000000;00000;000000;       ;                                                       ;00000000;00000;000000;       ;                                                       ;00000000;00000;000000;       ;                                                       ;00000000;00000;000000;       ;                                                       ;00000000;00000;000000;       ;                                                       ;00000000;00000;000000;       ;                                                       ;00000000;00000;000000;       ;                                                       ;00000000;00000;000000;       ;                                                       ;00000000;00000;000000;       ;                                                       ;00000000;00000;000000;       ;                                                       ;00000000;00000;000000;       ;                                                       ;00000000;00000;000000;       ;                                                       ;00000000;00000;000000
08;05;9;160;99;Navalosa                                          ;99;99;00001;00000296;00000296;10000;00000259;08750;00000037;01250;00000004;00159;00000008;00309;000007;1003441;PP                                                     ;00000193;07689;000006;1030889;P.S.O.E.                                               ;00000054;02151;000001;       ;                                                       ;00000000;00000;000000;       ;                                                       ;00000000;00000;000000;       ;                                                       ;00000000;00000;000000;       ;                                                       ;00000000;00000;000000;       ;                                                       ;00000000;00000;000000;       ;                                                       ;00000000;00000;000000;       ;                                                       ;00000000;00000;000000;       ;                                                       ;00000000;00000;000000;       ;                                                       ;00000000;00000;000000;       ;                                                       ;00000000;00000;000000;       ;                                                       ;00000000;00000;000000;       ;                                                       ;00000000;00000;000000;       ;                                                       ;00000000;00000;000000;       ;                                                       ;00000000;00000;000000;       ;                                                       ;00000000;00000;000000;       ;                                                       ;00000000;00000;000000;       ;                                                       ;00000000;00000;000000;       ;                                                       ;00000000;00000;000000;       ;                                                       ;00000000;00000;000000;       ;                                                       ;00000000;00000;000000;       ;                                                       ;00000000;00000;000000;       ;                                                       ;00000000;00000;000000;       ;                                                       ;00000000;00000;000000;       ;                                                       ;00000000;00000;000000;       ;                                                       ;00000000;00000;000000;       ;                                                       ;00000000;00000;000000;       ;                                                       ;00000000;00000;000000;       ;                                                       ;00000000;00000;000000;       ;                                                       ;00000000;00000;000000;       ;                                                       ;00000000;00000;000000;       ;                                                       ;00000000;00000;000000;       ;                                                       ;00000000;00000;000000;       ;                                                       ;00000000;00000;000000;       ;                                                       ;00000000;00000;000000;       ;                                                       ;00000000;00000;000000;       ;                                                       ;00000000;00000;000000;       ;                                                       ;00000000;00000;000000;       ;                                                       ;00000000;00000;000000;       ;                                                       ;00000000;00000;000000;       ;                                                       ;00000000;00000;000000;       ;                                                       ;00000000;00000;000000;       ;                                                       ;00000000;00000;000000;       ;                                                       ;00000000;00000;000000;       ;                                                       ;00000000;00000;000000;       ;                                                       ;00000000;00000;000000;       ;                                                       ;00000000;00000;000000;       ;                                                       ;00000000;00000;000000;       ;                                                       ;00000000;00000;000000
08;05;9;161;99;Navalperal de Pinares                             ;99;99;00001;00000558;00000558;10000;00000489;08763;00000069;01237;00000001;00021;00000005;00102;000007;1003441;PP                                                     ;00000250;05165;000004;1002611;APN                                                    ;00000223;04607;000003;1030889;P.S.O.E.                                               ;00000010;00207;000000;       ;                                                       ;00000000;00000;000000;       ;                                                       ;00000000;00000;000000;       ;                                                       ;00000000;00000;000000;       ;                                                       ;00000000;00000;000000;       ;                                                       ;00000000;00000;000000;       ;                                                       ;00000000;00000;000000;       ;                                                       ;00000000;00000;000000;       ;                                                       ;00000000;00000;000000;       ;                                                       ;00000000;00000;000000;       ;                                                       ;00000000;00000;000000;       ;                                                       ;00000000;00000;000000;       ;                                                       ;00000000;00000;000000;       ;                                                       ;00000000;00000;000000;       ;                                                       ;00000000;00000;000000;       ;                                                       ;00000000;00000;000000;       ;                                                       ;00000000;00000;000000;       ;                                                       ;00000000;00000;000000;       ;                                                       ;00000000;00000;000000;       ;                                                       ;00000000;00000;000000;       ;                                                       ;00000000;00000;000000;       ;                                                       ;00000000;00000;000000;       ;                                                       ;00000000;00000;000000;       ;                                                       ;00000000;00000;000000;       ;                                                       ;00000000;00000;000000;       ;                                                       ;00000000;00000;000000;       ;                                                       ;00000000;00000;000000;       ;                                                       ;00000000;00000;000000;       ;                                                       ;00000000;00000;000000;       ;                                                       ;00000000;00000;000000;       ;                                                       ;00000000;00000;000000;       ;                                                       ;00000000;00000;000000;       ;                                                       ;00000000;00000;000000;       ;                                                       ;00000000;00000;000000;       ;                                                       ;00000000;00000;000000;       ;                                                       ;00000000;00000;000000;       ;                                                       ;00000000;00000;000000;       ;                                                       ;00000000;00000;000000;       ;                                                       ;00000000;00000;000000;       ;                                                       ;00000000;00000;000000;       ;                                                       ;00000000;00000;000000;       ;                                                       ;00000000;00000;000000;       ;                                                       ;00000000;00000;000000;       ;                                                       ;00000000;00000;000000;       ;                                                       ;00000000;00000;000000;       ;                                                       ;00000000;00000;000000;       ;                                                       ;00000000;00000;000000;       ;                                                       ;00000000;00000;000000
08;05;9;162;99;Navalperal de Tormes                              ;99;99;00001;00000075;00000075;10000;00000064;08533;00000011;01467;00000001;00161;00000002;00313;000003;1010335;CIN                                                    ;00000039;06290;000003;1003441;PP                                                     ;00000016;02581;000000;1030889;P.S.O.E.                                               ;00000001;00161;000000;       ;                                                       ;00000000;00000;000000;       ;                                                       ;00000000;00000;000000;       ;                                                       ;00000000;00000;000000;       ;                                                       ;00000000;00000;000000;       ;                                                       ;00000000;00000;000000;       ;                                                       ;00000000;00000;000000;       ;                                                       ;00000000;00000;000000;       ;                                                       ;00000000;00000;000000;       ;                                                       ;00000000;00000;000000;       ;                                                       ;00000000;00000;000000;       ;                                                       ;00000000;00000;000000;       ;                                                       ;00000000;00000;000000;       ;                                                       ;00000000;00000;000000;       ;                                                       ;00000000;00000;000000;       ;                                                       ;00000000;00000;000000;       ;                                                       ;00000000;00000;000000;       ;                                                       ;00000000;00000;000000;       ;                                                       ;00000000;00000;000000;       ;                                                       ;00000000;00000;000000;       ;                                                       ;00000000;00000;000000;       ;                                                       ;00000000;00000;000000;       ;                                                       ;00000000;00000;000000;       ;                                                       ;00000000;00000;000000;       ;                                                       ;00000000;00000;000000;       ;                                                       ;00000000;00000;000000;       ;                                                       ;00000000;00000;000000;       ;                                                       ;00000000;00000;000000;       ;                                                       ;00000000;00000;000000;       ;                                                       ;00000000;00000;000000;       ;                                                       ;00000000;00000;000000;       ;                                                       ;00000000;00000;000000;       ;                                                       ;00000000;00000;000000;       ;                                                       ;00000000;00000;000000;       ;                                                       ;00000000;00000;000000;       ;                                                       ;00000000;00000;000000;       ;                                                       ;00000000;00000;000000;       ;                                                       ;00000000;00000;000000;       ;                                                       ;00000000;00000;000000;       ;                                                       ;00000000;00000;000000;       ;                                                       ;00000000;00000;000000;       ;                                                       ;00000000;00000;000000;       ;                                                       ;00000000;00000;000000;       ;                                                       ;00000000;00000;000000;       ;                                                       ;00000000;00000;000000;       ;                                                       ;00000000;00000;000000;       ;                                                       ;00000000;00000;000000;       ;                                                       ;00000000;00000;000000
08;05;9;163;99;Navaluenga                                        ;99;99;00003;00001720;00001720;10000;00001453;08448;00000267;01552;00000012;00084;00000019;00131;000009;1003441;PP                                                     ;00000805;05614;000006;9689014;Cs                                                     ;00000288;02008;000002;1030889;P.S.O.E.                                               ;00000244;01702;000001;1015975;IU-EQUO                                                ;00000056;00391;000000;1026165;VOX                                                    ;00000029;00202;000000;       ;                                                       ;00000000;00000;000000;       ;                                                       ;00000000;00000;000000;       ;                                                       ;00000000;00000;000000;       ;                                                       ;00000000;00000;000000;       ;                                                       ;00000000;00000;000000;       ;                                                       ;00000000;00000;000000;       ;                                                       ;00000000;00000;000000;       ;                                                       ;00000000;00000;000000;       ;                                                       ;00000000;00000;000000;       ;                                                       ;00000000;00000;000000;       ;                                                       ;00000000;00000;000000;       ;                                                       ;00000000;00000;000000;       ;                                                       ;00000000;00000;000000;       ;                                                       ;00000000;00000;000000;       ;                                                       ;00000000;00000;000000;       ;                                                       ;00000000;00000;000000;       ;                                                       ;00000000;00000;000000;       ;                                                       ;00000000;00000;000000;       ;                                                       ;00000000;00000;000000;       ;                                                       ;00000000;00000;000000;       ;                                                       ;00000000;00000;000000;       ;                                                       ;00000000;00000;000000;       ;                                                       ;00000000;00000;000000;       ;                                                       ;00000000;00000;000000;       ;                                                       ;00000000;00000;000000;       ;                                                       ;00000000;00000;000000;       ;                                                       ;00000000;00000;000000;       ;                                                       ;00000000;00000;000000;       ;                                                       ;00000000;00000;000000;       ;                                                       ;00000000;00000;000000;       ;                                                       ;00000000;00000;000000;       ;                                                       ;00000000;00000;000000;       ;                                                       ;00000000;00000;000000;       ;                                                       ;00000000;00000;000000;       ;                                                       ;00000000;00000;000000;       ;                                                       ;00000000;00000;000000;       ;                                                       ;00000000;00000;000000;       ;                                                       ;00000000;00000;000000;       ;                                                       ;00000000;00000;000000;       ;                                                       ;00000000;00000;000000;       ;                                                       ;00000000;00000;000000;       ;                                                       ;00000000;00000;000000;       ;                                                       ;00000000;00000;000000;       ;                                                       ;00000000;00000;000000;       ;                                                       ;00000000;00000;000000
08;05;9;164;99;Navaquesera                                       ;99;99;00001;00000018;00000018;10000;00000014;07778;00000004;02222;00000000;00000;00000000;00000;000003;1003441;PP                                                     ;00000014;10000;000003;1030889;P.S.O.E.                                               ;00000000;00000;000000;       ;                                                       ;00000000;00000;000000;       ;                                                       ;00000000;00000;000000;       ;                                                       ;00000000;00000;000000;       ;                                                       ;00000000;00000;000000;       ;                                                       ;00000000;00000;000000;       ;                                                       ;00000000;00000;000000;       ;                                                       ;00000000;00000;000000;       ;                                                       ;00000000;00000;000000;       ;                                                       ;00000000;00000;000000;       ;                                                       ;00000000;00000;000000;       ;                                                       ;00000000;00000;000000;       ;                                                       ;00000000;00000;000000;       ;                                                       ;00000000;00000;000000;       ;                                                       ;00000000;00000;000000;       ;                                                       ;00000000;00000;000000;       ;                                                       ;00000000;00000;000000;       ;                                                       ;00000000;00000;000000;       ;                                                       ;00000000;00000;000000;       ;                                                       ;00000000;00000;000000;       ;                                                       ;00000000;00000;000000;       ;                                                       ;00000000;00000;000000;       ;                                                       ;00000000;00000;000000;       ;                                                       ;00000000;00000;000000;       ;                                                       ;00000000;00000;000000;       ;                                                       ;00000000;00000;000000;       ;                                                       ;00000000;00000;000000;       ;                                                       ;00000000;00000;000000;       ;                                                       ;00000000;00000;000000;       ;                                                       ;00000000;00000;000000;       ;                                                       ;00000000;00000;000000;       ;                                                       ;00000000;00000;000000;       ;                                                       ;00000000;00000;000000;       ;                                                       ;00000000;00000;000000;       ;                                                       ;00000000;00000;000000;       ;                                                       ;00000000;00000;000000;       ;                                                       ;00000000;00000;000000;       ;                                                       ;00000000;00000;000000;       ;                                                       ;00000000;00000;000000;       ;                                                       ;00000000;00000;000000;       ;                                                       ;00000000;00000;000000;       ;                                                       ;00000000;00000;000000;       ;                                                       ;00000000;00000;000000;       ;                                                       ;00000000;00000;000000;       ;                                                       ;00000000;00000;000000;       ;                                                       ;00000000;00000;000000;       ;                                                       ;00000000;00000;000000;       ;                                                       ;00000000;00000;000000;       ;                                                       ;00000000;00000;000000
08;05;9;165;99;Navarredonda de Gredos                            ;99;99;00001;00000369;00000369;10000;00000294;07967;00000075;02033;00000010;00355;00000012;00408;000007;1003441;PP                                                     ;00000150;05319;000004;9689014;Cs                                                     ;00000090;03191;000002;1030889;P.S.O.E.                                               ;00000032;01135;000001;       ;                                                       ;00000000;00000;000000;       ;                                                       ;00000000;00000;000000;       ;                                                       ;00000000;00000;000000;       ;                                                       ;00000000;00000;000000;       ;                                                       ;00000000;00000;000000;       ;                                                       ;00000000;00000;000000;       ;                                                       ;00000000;00000;000000;       ;                                                       ;00000000;00000;000000;       ;                                                       ;00000000;00000;000000;       ;                                                       ;00000000;00000;000000;       ;                                                       ;00000000;00000;000000;       ;                                                       ;00000000;00000;000000;       ;                                                       ;00000000;00000;000000;       ;                                                       ;00000000;00000;000000;       ;                                                       ;00000000;00000;000000;       ;                                                       ;00000000;00000;000000;       ;                                                       ;00000000;00000;000000;       ;                                                       ;00000000;00000;000000;       ;                                                       ;00000000;00000;000000;       ;                                                       ;00000000;00000;000000;       ;                                                       ;00000000;00000;000000;       ;                                                       ;00000000;00000;000000;       ;                                                       ;00000000;00000;000000;       ;                                                       ;00000000;00000;000000;       ;                                                       ;00000000;00000;000000;       ;                                                       ;00000000;00000;000000;       ;                                                       ;00000000;00000;000000;       ;                                                       ;00000000;00000;000000;       ;                                                       ;00000000;00000;000000;       ;                                                       ;00000000;00000;000000;       ;                                                       ;00000000;00000;000000;       ;                                                       ;00000000;00000;000000;       ;                                                       ;00000000;00000;000000;       ;                                                       ;00000000;00000;000000;       ;                                                       ;00000000;00000;000000;       ;                                                       ;00000000;00000;000000;       ;                                                       ;00000000;00000;000000;       ;                                                       ;00000000;00000;000000;       ;                                                       ;00000000;00000;000000;       ;                                                       ;00000000;00000;000000;       ;                                                       ;00000000;00000;000000;       ;                                                       ;00000000;00000;000000;       ;                                                       ;00000000;00000;000000;       ;                                                       ;00000000;00000;000000;       ;                                                       ;00000000;00000;000000;       ;                                                       ;00000000;00000;000000;       ;                                                       ;00000000;00000;000000
08;05;9;166;99;Navarredondilla                                   ;99;99;00001;00000162;00000162;10000;00000134;08272;00000028;01728;00000001;00081;00000010;00746;000005;1003441;PP                                                     ;00000094;07581;000004;1030889;P.S.O.E.                                               ;00000028;02258;000001;       ;                                                       ;00000000;00000;000000;       ;                                                       ;00000000;00000;000000;       ;                                                       ;00000000;00000;000000;       ;                                                       ;00000000;00000;000000;       ;                                                       ;00000000;00000;000000;       ;                                                       ;00000000;00000;000000;       ;                                                       ;00000000;00000;000000;       ;                                                       ;00000000;00000;000000;       ;                                                       ;00000000;00000;000000;       ;                                                       ;00000000;00000;000000;       ;                                                       ;00000000;00000;000000;       ;                                                       ;00000000;00000;000000;       ;                                                       ;00000000;00000;000000;       ;                                                       ;00000000;00000;000000;       ;                                                       ;00000000;00000;000000;       ;                                                       ;00000000;00000;000000;       ;                                                       ;00000000;00000;000000;       ;                                                       ;00000000;00000;000000;       ;                                                       ;00000000;00000;000000;       ;                                                       ;00000000;00000;000000;       ;                                                       ;00000000;00000;000000;       ;                                                       ;00000000;00000;000000;       ;                                                       ;00000000;00000;000000;       ;                                                       ;00000000;00000;000000;       ;                                                       ;00000000;00000;000000;       ;                                                       ;00000000;00000;000000;       ;                                                       ;00000000;00000;000000;       ;                                                       ;00000000;00000;000000;       ;                                                       ;00000000;00000;000000;       ;                                                       ;00000000;00000;000000;       ;                                                       ;00000000;00000;000000;       ;                                                       ;00000000;00000;000000;       ;                                                       ;00000000;00000;000000;       ;                                                       ;00000000;00000;000000;       ;                                                       ;00000000;00000;000000;       ;                                                       ;00000000;00000;000000;       ;                                                       ;00000000;00000;000000;       ;                                                       ;00000000;00000;000000;       ;                                                       ;00000000;00000;000000;       ;                                                       ;00000000;00000;000000;       ;                                                       ;00000000;00000;000000;       ;                                                       ;00000000;00000;000000;       ;                                                       ;00000000;00000;000000;       ;                                                       ;00000000;00000;000000;       ;                                                       ;00000000;00000;000000;       ;                                                       ;00000000;00000;000000;       ;                                                       ;00000000;00000;000000;       ;                                                       ;00000000;00000;000000
08;05;9;167;99;Navarrevisca                                      ;99;99;00001;00000232;00000232;10000;00000205;08836;00000027;01164;00000003;00148;00000002;00098;000007;1030889;P.S.O.E.                                               ;00000133;06552;000005;1022852;XAV                                                    ;00000066;03251;000002;1003441;PP                                                     ;00000001;00049;000000;       ;                                                       ;00000000;00000;000000;       ;                                                       ;00000000;00000;000000;       ;                                                       ;00000000;00000;000000;       ;                                                       ;00000000;00000;000000;       ;                                                       ;00000000;00000;000000;       ;                                                       ;00000000;00000;000000;       ;                                                       ;00000000;00000;000000;       ;                                                       ;00000000;00000;000000;       ;                                                       ;00000000;00000;000000;       ;                                                       ;00000000;00000;000000;       ;                                                       ;00000000;00000;000000;       ;                                                       ;00000000;00000;000000;       ;                                                       ;00000000;00000;000000;       ;                                                       ;00000000;00000;000000;       ;                                                       ;00000000;00000;000000;       ;                                                       ;00000000;00000;000000;       ;                                                       ;00000000;00000;000000;       ;                                                       ;00000000;00000;000000;       ;                                                       ;00000000;00000;000000;       ;                                                       ;00000000;00000;000000;       ;                                                       ;00000000;00000;000000;       ;                                                       ;00000000;00000;000000;       ;                                                       ;00000000;00000;000000;       ;                                                       ;00000000;00000;000000;       ;                                                       ;00000000;00000;000000;       ;                                                       ;00000000;00000;000000;       ;                                                       ;00000000;00000;000000;       ;                                                       ;00000000;00000;000000;       ;                                                       ;00000000;00000;000000;       ;                                                       ;00000000;00000;000000;       ;                                                       ;00000000;00000;000000;       ;                                                       ;00000000;00000;000000;       ;                                                       ;00000000;00000;000000;       ;                                                       ;00000000;00000;000000;       ;                                                       ;00000000;00000;000000;       ;                                                       ;00000000;00000;000000;       ;                                                       ;00000000;00000;000000;       ;                                                       ;00000000;00000;000000;       ;                                                       ;00000000;00000;000000;       ;                                                       ;00000000;00000;000000;       ;                                                       ;00000000;00000;000000;       ;                                                       ;00000000;00000;000000;       ;                                                       ;00000000;00000;000000;       ;                                                       ;00000000;00000;000000;       ;                                                       ;00000000;00000;000000;       ;                                                       ;00000000;00000;000000;       ;                                                       ;00000000;00000;000000
08;05;9;168;99;Navas del Marqués, Las                            ;99;99;00005;00003514;00003514;10000;00002709;07709;00000805;02291;00000031;00115;00000024;00089;000013;9689014;Cs                                                     ;00001083;04034;000006;1003441;PP                                                     ;00001076;04007;000005;1030889;P.S.O.E.                                               ;00000271;01009;000001;1026165;VOX                                                    ;00000224;00834;000001;       ;                                                       ;00000000;00000;000000;       ;                                                       ;00000000;00000;000000;       ;                                                       ;00000000;00000;000000;       ;                                                       ;00000000;00000;000000;       ;                                                       ;00000000;00000;000000;       ;                                                       ;00000000;00000;000000;       ;                                                       ;00000000;00000;000000;       ;                                                       ;00000000;00000;000000;       ;                                                       ;00000000;00000;000000;       ;                                                       ;00000000;00000;000000;       ;                                                       ;00000000;00000;000000;       ;                                                       ;00000000;00000;000000;       ;                                                       ;00000000;00000;000000;       ;                                                       ;00000000;00000;000000;       ;                                                       ;00000000;00000;000000;       ;                                                       ;00000000;00000;000000;       ;                                                       ;00000000;00000;000000;       ;                                                       ;00000000;00000;000000;       ;                                                       ;00000000;00000;000000;       ;                                                       ;00000000;00000;000000;       ;                                                       ;00000000;00000;000000;       ;                                                       ;00000000;00000;000000;       ;                                                       ;00000000;00000;000000;       ;                                                       ;00000000;00000;000000;       ;                                                       ;00000000;00000;000000;       ;                                                       ;00000000;00000;000000;       ;                                                       ;00000000;00000;000000;       ;                                                       ;00000000;00000;000000;       ;                                                       ;00000000;00000;000000;       ;                                                       ;00000000;00000;000000;       ;                                                       ;00000000;00000;000000;       ;                                                       ;00000000;00000;000000;       ;                                                       ;00000000;00000;000000;       ;                                                       ;00000000;00000;000000;       ;                                                       ;00000000;00000;000000;       ;                                                       ;00000000;00000;000000;       ;                                                       ;00000000;00000;000000;       ;                                                       ;00000000;00000;000000;       ;                                                       ;00000000;00000;000000;       ;                                                       ;00000000;00000;000000;       ;                                                       ;00000000;00000;000000;       ;                                                       ;00000000;00000;000000;       ;                                                       ;00000000;00000;000000;       ;                                                       ;00000000;00000;000000;       ;                                                       ;00000000;00000;000000;       ;                                                       ;00000000;00000;000000
08;05;9;169;99;Navatalgordo                                      ;99;99;00001;00000222;00000222;10000;00000188;08468;00000034;01532;00000002;00108;00000002;00106;000007;1003441;PP                                                     ;00000140;07527;000006;1030889;P.S.O.E.                                               ;00000044;02366;000001;       ;                                                       ;00000000;00000;000000;       ;                                                       ;00000000;00000;000000;       ;                                                       ;00000000;00000;000000;       ;                                                       ;00000000;00000;000000;       ;                                                       ;00000000;00000;000000;       ;                                                       ;00000000;00000;000000;       ;                                                       ;00000000;00000;000000;       ;                                                       ;00000000;00000;000000;       ;                                                       ;00000000;00000;000000;       ;                                                       ;00000000;00000;000000;       ;                                                       ;00000000;00000;000000;       ;                                                       ;00000000;00000;000000;       ;                                                       ;00000000;00000;000000;       ;                                                       ;00000000;00000;000000;       ;                                                       ;00000000;00000;000000;       ;                                                       ;00000000;00000;000000;       ;                                                       ;00000000;00000;000000;       ;                                                       ;00000000;00000;000000;       ;                                                       ;00000000;00000;000000;       ;                                                       ;00000000;00000;000000;       ;                                                       ;00000000;00000;000000;       ;                                                       ;00000000;00000;000000;       ;                                                       ;00000000;00000;000000;       ;                                                       ;00000000;00000;000000;       ;                                                       ;00000000;00000;000000;       ;                                                       ;00000000;00000;000000;       ;                                                       ;00000000;00000;000000;       ;                                                       ;00000000;00000;000000;       ;                                                       ;00000000;00000;000000;       ;                                                       ;00000000;00000;000000;       ;                                                       ;00000000;00000;000000;       ;                                                       ;00000000;00000;000000;       ;                                                       ;00000000;00000;000000;       ;                                                       ;00000000;00000;000000;       ;                                                       ;00000000;00000;000000;       ;                                                       ;00000000;00000;000000;       ;                                                       ;00000000;00000;000000;       ;                                                       ;00000000;00000;000000;       ;                                                       ;00000000;00000;000000;       ;                                                       ;00000000;00000;000000;       ;                                                       ;00000000;00000;000000;       ;                                                       ;00000000;00000;000000;       ;                                                       ;00000000;00000;000000;       ;                                                       ;00000000;00000;000000;       ;                                                       ;00000000;00000;000000;       ;                                                       ;00000000;00000;000000;       ;                                                       ;00000000;00000;000000;       ;                                                       ;00000000;00000;000000
08;05;9;170;99;Navatejares                                       ;99;99;00001;00000051;00000051;10000;00000039;07647;00000012;02353;00000001;00263;00000001;00256;000003;1030889;P.S.O.E.                                               ;00000033;08684;000003;1003441;PP                                                     ;00000002;00526;000000;       ;                                                       ;00000000;00000;000000;       ;                                                       ;00000000;00000;000000;       ;                                                       ;00000000;00000;000000;       ;                                                       ;00000000;00000;000000;       ;                                                       ;00000000;00000;000000;       ;                                                       ;00000000;00000;000000;       ;                                                       ;00000000;00000;000000;       ;                                                       ;00000000;00000;000000;       ;                                                       ;00000000;00000;000000;       ;                                                       ;00000000;00000;000000;       ;                                                       ;00000000;00000;000000;       ;                                                       ;00000000;00000;000000;       ;                                                       ;00000000;00000;000000;       ;                                                       ;00000000;00000;000000;       ;                                                       ;00000000;00000;000000;       ;                                                       ;00000000;00000;000000;       ;                                                       ;00000000;00000;000000;       ;                                                       ;00000000;00000;000000;       ;                                                       ;00000000;00000;000000;       ;                                                       ;00000000;00000;000000;       ;                                                       ;00000000;00000;000000;       ;                                                       ;00000000;00000;000000;       ;                                                       ;00000000;00000;000000;       ;                                                       ;00000000;00000;000000;       ;                                                       ;00000000;00000;000000;       ;                                                       ;00000000;00000;000000;       ;                                                       ;00000000;00000;000000;       ;                                                       ;00000000;00000;000000;       ;                                                       ;00000000;00000;000000;       ;                                                       ;00000000;00000;000000;       ;                                                       ;00000000;00000;000000;       ;                                                       ;00000000;00000;000000;       ;                                                       ;00000000;00000;000000;       ;                                                       ;00000000;00000;000000;       ;                                                       ;00000000;00000;000000;       ;                                                       ;00000000;00000;000000;       ;                                                       ;00000000;00000;000000;       ;                                                       ;00000000;00000;000000;       ;                                                       ;00000000;00000;000000;       ;                                                       ;00000000;00000;000000;       ;                                                       ;00000000;00000;000000;       ;                                                       ;00000000;00000;000000;       ;                                                       ;00000000;00000;000000;       ;                                                       ;00000000;00000;000000;       ;                                                       ;00000000;00000;000000;       ;                                                       ;00000000;00000;000000;       ;                                                       ;00000000;00000;000000;       ;                                                       ;00000000;00000;000000
08;05;9;171;99;Neila de San Miguel                               ;99;99;00001;00000067;00000067;10000;00000056;08358;00000011;01642;00000003;00577;00000004;00714;000003;1003441;PP                                                     ;00000045;08654;000003;1030889;P.S.O.E.                                               ;00000004;00769;000000;       ;                                                       ;00000000;00000;000000;       ;                                                       ;00000000;00000;000000;       ;                                                       ;00000000;00000;000000;       ;                                                       ;00000000;00000;000000;       ;                                                       ;00000000;00000;000000;       ;                                                       ;00000000;00000;000000;       ;                                                       ;00000000;00000;000000;       ;                                                       ;00000000;00000;000000;       ;                                                       ;00000000;00000;000000;       ;                                                       ;00000000;00000;000000;       ;                                                       ;00000000;00000;000000;       ;                                                       ;00000000;00000;000000;       ;                                                       ;00000000;00000;000000;       ;                                                       ;00000000;00000;000000;       ;                                                       ;00000000;00000;000000;       ;                                                       ;00000000;00000;000000;       ;                                                       ;00000000;00000;000000;       ;                                                       ;00000000;00000;000000;       ;                                                       ;00000000;00000;000000;       ;                                                       ;00000000;00000;000000;       ;                                                       ;00000000;00000;000000;       ;                                                       ;00000000;00000;000000;       ;                                                       ;00000000;00000;000000;       ;                                                       ;00000000;00000;000000;       ;                                                       ;00000000;00000;000000;       ;                                                       ;00000000;00000;000000;       ;                                                       ;00000000;00000;000000;       ;                                                       ;00000000;00000;000000;       ;                                                       ;00000000;00000;000000;       ;                                                       ;00000000;00000;000000;       ;                                                       ;00000000;00000;000000;       ;                                                       ;00000000;00000;000000;       ;                                                       ;00000000;00000;000000;       ;                                                       ;00000000;00000;000000;       ;                                                       ;00000000;00000;000000;       ;                                                       ;00000000;00000;000000;       ;                                                       ;00000000;00000;000000;       ;                                                       ;00000000;00000;000000;       ;                                                       ;00000000;00000;000000;       ;                                                       ;00000000;00000;000000;       ;                                                       ;00000000;00000;000000;       ;                                                       ;00000000;00000;000000;       ;                                                       ;00000000;00000;000000;       ;                                                       ;00000000;00000;000000;       ;                                                       ;00000000;00000;000000;       ;                                                       ;00000000;00000;000000;       ;                                                       ;00000000;00000;000000;       ;                                                       ;00000000;00000;000000
08;05;9;172;99;Niharra                                           ;99;99;00001;00000117;00000117;10000;00000100;08547;00000017;01453;00000000;00000;00000001;00100;000005;1022852;XAV                                                    ;00000058;05859;000003;9689014;Cs                                                     ;00000049;04949;000001;1030889;P.S.O.E.                                               ;00000028;02828;000001;1003441;PP                                                     ;00000008;00808;000000;       ;                                                       ;00000000;00000;000000;       ;                                                       ;00000000;00000;000000;       ;                                                       ;00000000;00000;000000;       ;                                                       ;00000000;00000;000000;       ;                                                       ;00000000;00000;000000;       ;                                                       ;00000000;00000;000000;       ;                                                       ;00000000;00000;000000;       ;                                                       ;00000000;00000;000000;       ;                                                       ;00000000;00000;000000;       ;                                                       ;00000000;00000;000000;       ;                                                       ;00000000;00000;000000;       ;                                                       ;00000000;00000;000000;       ;                                                       ;00000000;00000;000000;       ;                                                       ;00000000;00000;000000;       ;                                                       ;00000000;00000;000000;       ;                                                       ;00000000;00000;000000;       ;                                                       ;00000000;00000;000000;       ;                                                       ;00000000;00000;000000;       ;                                                       ;00000000;00000;000000;       ;                                                       ;00000000;00000;000000;       ;                                                       ;00000000;00000;000000;       ;                                                       ;00000000;00000;000000;       ;                                                       ;00000000;00000;000000;       ;                                                       ;00000000;00000;000000;       ;                                                       ;00000000;00000;000000;       ;                                                       ;00000000;00000;000000;       ;                                                       ;00000000;00000;000000;       ;                                                       ;00000000;00000;000000;       ;                                                       ;00000000;00000;000000;       ;                                                       ;00000000;00000;000000;       ;                                                       ;00000000;00000;000000;       ;                                                       ;00000000;00000;000000;       ;                                                       ;00000000;00000;000000;       ;                                                       ;00000000;00000;000000;       ;                                                       ;00000000;00000;000000;       ;                                                       ;00000000;00000;000000;       ;                                                       ;00000000;00000;000000;       ;                                                       ;00000000;00000;000000;       ;                                                       ;00000000;00000;000000;       ;                                                       ;00000000;00000;000000;       ;                                                       ;00000000;00000;000000;       ;                                                       ;00000000;00000;000000;       ;                                                       ;00000000;00000;000000;       ;                                                       ;00000000;00000;000000;       ;                                                       ;00000000;00000;000000;       ;                                                       ;00000000;00000;000000
08;05;9;173;99;Ojos-Albos                                        ;99;99;00001;00000061;00000061;10000;00000059;09672;00000002;00328;00000000;00000;00000000;00000;000003;9689014;Cs                                                     ;00000025;04237;000002;1003441;PP                                                     ;00000020;03390;000001;1030889;P.S.O.E.                                               ;00000011;01864;000000;1021789;AEOA                                                   ;00000004;00678;000000;       ;                                                       ;00000000;00000;000000;       ;                                                       ;00000000;00000;000000;       ;                                                       ;00000000;00000;000000;       ;                                                       ;00000000;00000;000000;       ;                                                       ;00000000;00000;000000;       ;                                                       ;00000000;00000;000000;       ;                                                       ;00000000;00000;000000;       ;                                                       ;00000000;00000;000000;       ;                                                       ;00000000;00000;000000;       ;                                                       ;00000000;00000;000000;       ;                                                       ;00000000;00000;000000;       ;                                                       ;00000000;00000;000000;       ;                                                       ;00000000;00000;000000;       ;                                                       ;00000000;00000;000000;       ;                                                       ;00000000;00000;000000;       ;                                                       ;00000000;00000;000000;       ;                                                       ;00000000;00000;000000;       ;                                                       ;00000000;00000;000000;       ;                                                       ;00000000;00000;000000;       ;                                                       ;00000000;00000;000000;       ;                                                       ;00000000;00000;000000;       ;                                                       ;00000000;00000;000000;       ;                                                       ;00000000;00000;000000;       ;                                                       ;00000000;00000;000000;       ;                                                       ;00000000;00000;000000;       ;                                                       ;00000000;00000;000000;       ;                                                       ;00000000;00000;000000;       ;                                                       ;00000000;00000;000000;       ;                                                       ;00000000;00000;000000;       ;                                                       ;00000000;00000;000000;       ;                                                       ;00000000;00000;000000;       ;                                                       ;00000000;00000;000000;       ;                                                       ;00000000;00000;000000;       ;                                                       ;00000000;00000;000000;       ;                                                       ;00000000;00000;000000;       ;                                                       ;00000000;00000;000000;       ;                                                       ;00000000;00000;000000;       ;                                                       ;00000000;00000;000000;       ;                                                       ;00000000;00000;000000;       ;                                                       ;00000000;00000;000000;       ;                                                       ;00000000;00000;000000;       ;                                                       ;00000000;00000;000000;       ;                                                       ;00000000;00000;000000;       ;                                                       ;00000000;00000;000000;       ;                                                       ;00000000;00000;000000;       ;                                                       ;00000000;00000;000000
08;05;9;174;99;Orbita                                            ;99;99;00001;00000065;00000065;10000;00000054;08308;00000011;01692;00000003;00566;00000001;00185;000003;1003441;PP                                                     ;00000038;07170;000003;1030889;P.S.O.E.                                               ;00000011;02075;000000;       ;                                                       ;00000000;00000;000000;       ;                                                       ;00000000;00000;000000;       ;                                                       ;00000000;00000;000000;       ;                                                       ;00000000;00000;000000;       ;                                                       ;00000000;00000;000000;       ;                                                       ;00000000;00000;000000;       ;                                                       ;00000000;00000;000000;       ;                                                       ;00000000;00000;000000;       ;                                                       ;00000000;00000;000000;       ;                                                       ;00000000;00000;000000;       ;                                                       ;00000000;00000;000000;       ;                                                       ;00000000;00000;000000;       ;                                                       ;00000000;00000;000000;       ;                                                       ;00000000;00000;000000;       ;                                                       ;00000000;00000;000000;       ;                                                       ;00000000;00000;000000;       ;                                                       ;00000000;00000;000000;       ;                                                       ;00000000;00000;000000;       ;                                                       ;00000000;00000;000000;       ;                                                       ;00000000;00000;000000;       ;                                                       ;00000000;00000;000000;       ;                                                       ;00000000;00000;000000;       ;                                                       ;00000000;00000;000000;       ;                                                       ;00000000;00000;000000;       ;                                                       ;00000000;00000;000000;       ;                                                       ;00000000;00000;000000;       ;                                                       ;00000000;00000;000000;       ;                                                       ;00000000;00000;000000;       ;                                                       ;00000000;00000;000000;       ;                                                       ;00000000;00000;000000;       ;                                                       ;00000000;00000;000000;       ;                                                       ;00000000;00000;000000;       ;                                                       ;00000000;00000;000000;       ;                                                       ;00000000;00000;000000;       ;                                                       ;00000000;00000;000000;       ;                                                       ;00000000;00000;000000;       ;                                                       ;00000000;00000;000000;       ;                                                       ;00000000;00000;000000;       ;                                                       ;00000000;00000;000000;       ;                                                       ;00000000;00000;000000;       ;                                                       ;00000000;00000;000000;       ;                                                       ;00000000;00000;000000;       ;                                                       ;00000000;00000;000000;       ;                                                       ;00000000;00000;000000;       ;                                                       ;00000000;00000;000000;       ;                                                       ;00000000;00000;000000;       ;                                                       ;00000000;00000;000000;       ;                                                       ;00000000;00000;000000
08;05;9;175;99;Oso, El                                           ;99;99;00001;00000151;00000151;10000;00000138;09139;00000013;00861;00000001;00073;00000001;00072;000005;1003441;PP                                                     ;00000080;05839;000003;1030889;P.S.O.E.                                               ;00000080;05839;000001;9689014;Cs                                                     ;00000048;03504;000001;       ;                                                       ;00000000;00000;000000;       ;                                                       ;00000000;00000;000000;       ;                                                       ;00000000;00000;000000;       ;                                                       ;00000000;00000;000000;       ;                                                       ;00000000;00000;000000;       ;                                                       ;00000000;00000;000000;       ;                                                       ;00000000;00000;000000;       ;                                                       ;00000000;00000;000000;       ;                                                       ;00000000;00000;000000;       ;                                                       ;00000000;00000;000000;       ;                                                       ;00000000;00000;000000;       ;                                                       ;00000000;00000;000000;       ;                                                       ;00000000;00000;000000;       ;                                                       ;00000000;00000;000000;       ;                                                       ;00000000;00000;000000;       ;                                                       ;00000000;00000;000000;       ;                                                       ;00000000;00000;000000;       ;                                                       ;00000000;00000;000000;       ;                                                       ;00000000;00000;000000;       ;                                                       ;00000000;00000;000000;       ;                                                       ;00000000;00000;000000;       ;                                                       ;00000000;00000;000000;       ;                                                       ;00000000;00000;000000;       ;                                                       ;00000000;00000;000000;       ;                                                       ;00000000;00000;000000;       ;                                                       ;00000000;00000;000000;       ;                                                       ;00000000;00000;000000;       ;                                                       ;00000000;00000;000000;       ;                                                       ;00000000;00000;000000;       ;                                                       ;00000000;00000;000000;       ;                                                       ;00000000;00000;000000;       ;                                                       ;00000000;00000;000000;       ;                                                       ;00000000;00000;000000;       ;                                                       ;00000000;00000;000000;       ;                                                       ;00000000;00000;000000;       ;                                                       ;00000000;00000;000000;       ;                                                       ;00000000;00000;000000;       ;                                                       ;00000000;00000;000000;       ;                                                       ;00000000;00000;000000;       ;                                                       ;00000000;00000;000000;       ;                                                       ;00000000;00000;000000;       ;                                                       ;00000000;00000;000000;       ;                                                       ;00000000;00000;000000;       ;                                                       ;00000000;00000;000000;       ;                                                       ;00000000;00000;000000;       ;                                                       ;00000000;00000;000000;       ;                                                       ;00000000;00000;000000
08;05;9;176;99;Padiernos                                         ;99;99;00001;00000219;00000219;10000;00000182;08311;00000037;01689;00000000;00000;00000002;00110;000007;1006119;4                                                      ;00000095;05278;000004;1022852;XAV                                                    ;00000079;04389;000003;1003441;PP                                                     ;00000006;00333;000000;1030889;P.S.O.E.                                               ;00000000;00000;000000;       ;                                                       ;00000000;00000;000000;       ;                                                       ;00000000;00000;000000;       ;                                                       ;00000000;00000;000000;       ;                                                       ;00000000;00000;000000;       ;                                                       ;00000000;00000;000000;       ;                                                       ;00000000;00000;000000;       ;                                                       ;00000000;00000;000000;       ;                                                       ;00000000;00000;000000;       ;                                                       ;00000000;00000;000000;       ;                                                       ;00000000;00000;000000;       ;                                                       ;00000000;00000;000000;       ;                                                       ;00000000;00000;000000;       ;                                                       ;00000000;00000;000000;       ;                                                       ;00000000;00000;000000;       ;                                                       ;00000000;00000;000000;       ;                                                       ;00000000;00000;000000;       ;                                                       ;00000000;00000;000000;       ;                                                       ;00000000;00000;000000;       ;                                                       ;00000000;00000;000000;       ;                                                       ;00000000;00000;000000;       ;                                                       ;00000000;00000;000000;       ;                                                       ;00000000;00000;000000;       ;                                                       ;00000000;00000;000000;       ;                                                       ;00000000;00000;000000;       ;                                                       ;00000000;00000;000000;       ;                                                       ;00000000;00000;000000;       ;                                                       ;00000000;00000;000000;       ;                                                       ;00000000;00000;000000;       ;                                                       ;00000000;00000;000000;       ;                                                       ;00000000;00000;000000;       ;                                                       ;00000000;00000;000000;       ;                                                       ;00000000;00000;000000;       ;                                                       ;00000000;00000;000000;       ;                                                       ;00000000;00000;000000;       ;                                                       ;00000000;00000;000000;       ;                                                       ;00000000;00000;000000;       ;                                                       ;00000000;00000;000000;       ;                                                       ;00000000;00000;000000;       ;                                                       ;00000000;00000;000000;       ;                                                       ;00000000;00000;000000;       ;                                                       ;00000000;00000;000000;       ;                                                       ;00000000;00000;000000;       ;                                                       ;00000000;00000;000000;       ;                                                       ;00000000;00000;000000;       ;                                                       ;00000000;00000;000000;       ;                                                       ;00000000;00000;000000
08;05;9;177;99;Pajares de Adaja                                  ;99;99;00001;00000149;00000149;10000;00000128;08591;00000021;01409;00000007;00556;00000002;00156;000005;1030889;P.S.O.E.                                               ;00000083;06587;000004;1003441;PP                                                     ;00000036;02857;000001;       ;                                                       ;00000000;00000;000000;       ;                                                       ;00000000;00000;000000;       ;                                                       ;00000000;00000;000000;       ;                                                       ;00000000;00000;000000;       ;                                                       ;00000000;00000;000000;       ;                                                       ;00000000;00000;000000;       ;                                                       ;00000000;00000;000000;       ;                                                       ;00000000;00000;000000;       ;                                                       ;00000000;00000;000000;       ;                                                       ;00000000;00000;000000;       ;                                                       ;00000000;00000;000000;       ;                                                       ;00000000;00000;000000;       ;                                                       ;00000000;00000;000000;       ;                                                       ;00000000;00000;000000;       ;                                                       ;00000000;00000;000000;       ;                                                       ;00000000;00000;000000;       ;                                                       ;00000000;00000;000000;       ;                                                       ;00000000;00000;000000;       ;                                                       ;00000000;00000;000000;       ;                                                       ;00000000;00000;000000;       ;                                                       ;00000000;00000;000000;       ;                                                       ;00000000;00000;000000;       ;                                                       ;00000000;00000;000000;       ;                                                       ;00000000;00000;000000;       ;                                                       ;00000000;00000;000000;       ;                                                       ;00000000;00000;000000;       ;                                                       ;00000000;00000;000000;       ;                                                       ;00000000;00000;000000;       ;                                                       ;00000000;00000;000000;       ;                                                       ;00000000;00000;000000;       ;                                                       ;00000000;00000;000000;       ;                                                       ;00000000;00000;000000;       ;                                                       ;00000000;00000;000000;       ;                                                       ;00000000;00000;000000;       ;                                                       ;00000000;00000;000000;       ;                                                       ;00000000;00000;000000;       ;                                                       ;00000000;00000;000000;       ;                                                       ;00000000;00000;000000;       ;                                                       ;00000000;00000;000000;       ;                                                       ;00000000;00000;000000;       ;                                                       ;00000000;00000;000000;       ;                                                       ;00000000;00000;000000;       ;                                                       ;00000000;00000;000000;       ;                                                       ;00000000;00000;000000;       ;                                                       ;00000000;00000;000000;       ;                                                       ;00000000;00000;000000;       ;                                                       ;00000000;00000;000000;       ;                                                       ;00000000;00000;000000
08;05;9;178;99;Palacios de Goda                                  ;99;99;00001;00000351;00000351;10000;00000305;08689;00000046;01311;00000006;00202;00000008;00262;000007;1003441;PP                                                     ;00000170;05724;000004;9689014;Cs                                                     ;00000116;03906;000003;1030889;P.S.O.E.                                               ;00000005;00168;000000;       ;                                                       ;00000000;00000;000000;       ;                                                       ;00000000;00000;000000;       ;                                                       ;00000000;00000;000000;       ;                                                       ;00000000;00000;000000;       ;                                                       ;00000000;00000;000000;       ;                                                       ;00000000;00000;000000;       ;                                                       ;00000000;00000;000000;       ;                                                       ;00000000;00000;000000;       ;                                                       ;00000000;00000;000000;       ;                                                       ;00000000;00000;000000;       ;                                                       ;00000000;00000;000000;       ;                                                       ;00000000;00000;000000;       ;                                                       ;00000000;00000;000000;       ;                                                       ;00000000;00000;000000;       ;                                                       ;00000000;00000;000000;       ;                                                       ;00000000;00000;000000;       ;                                                       ;00000000;00000;000000;       ;                                                       ;00000000;00000;000000;       ;                                                       ;00000000;00000;000000;       ;                                                       ;00000000;00000;000000;       ;                                                       ;00000000;00000;000000;       ;                                                       ;00000000;00000;000000;       ;                                                       ;00000000;00000;000000;       ;                                                       ;00000000;00000;000000;       ;                                                       ;00000000;00000;000000;       ;                                                       ;00000000;00000;000000;       ;                                                       ;00000000;00000;000000;       ;                                                       ;00000000;00000;000000;       ;                                                       ;00000000;00000;000000;       ;                                                       ;00000000;00000;000000;       ;                                                       ;00000000;00000;000000;       ;                                                       ;00000000;00000;000000;       ;                                                       ;00000000;00000;000000;       ;                                                       ;00000000;00000;000000;       ;                                                       ;00000000;00000;000000;       ;                                                       ;00000000;00000;000000;       ;                                                       ;00000000;00000;000000;       ;                                                       ;00000000;00000;000000;       ;                                                       ;00000000;00000;000000;       ;                                                       ;00000000;00000;000000;       ;                                                       ;00000000;00000;000000;       ;                                                       ;00000000;00000;000000;       ;                                                       ;00000000;00000;000000;       ;                                                       ;00000000;00000;000000;       ;                                                       ;00000000;00000;000000;       ;                                                       ;00000000;00000;000000;       ;                                                       ;00000000;00000;000000
08;05;9;179;99;Papatrigo                                         ;99;99;00001;00000199;00000199;10000;00000180;09045;00000019;00955;00000001;00058;00000007;00389;000005;1003441;PP                                                     ;00000143;08266;000005;1030889;P.S.O.E.                                               ;00000019;01098;000000;       ;                                                       ;00000000;00000;000000;       ;                                                       ;00000000;00000;000000;       ;                                                       ;00000000;00000;000000;       ;                                                       ;00000000;00000;000000;       ;                                                       ;00000000;00000;000000;       ;                                                       ;00000000;00000;000000;       ;                                                       ;00000000;00000;000000;       ;                                                       ;00000000;00000;000000;       ;                                                       ;00000000;00000;000000;       ;                                                       ;00000000;00000;000000;       ;                                                       ;00000000;00000;000000;       ;                                                       ;00000000;00000;000000;       ;                                                       ;00000000;00000;000000;       ;                                                       ;00000000;00000;000000;       ;                                                       ;00000000;00000;000000;       ;                                                       ;00000000;00000;000000;       ;                                                       ;00000000;00000;000000;       ;                                                       ;00000000;00000;000000;       ;                                                       ;00000000;00000;000000;       ;                                                       ;00000000;00000;000000;       ;                                                       ;00000000;00000;000000;       ;                                                       ;00000000;00000;000000;       ;                                                       ;00000000;00000;000000;       ;                                                       ;00000000;00000;000000;       ;                                                       ;00000000;00000;000000;       ;                                                       ;00000000;00000;000000;       ;                                                       ;00000000;00000;000000;       ;                                                       ;00000000;00000;000000;       ;                                                       ;00000000;00000;000000;       ;                                                       ;00000000;00000;000000;       ;                                                       ;00000000;00000;000000;       ;                                                       ;00000000;00000;000000;       ;                                                       ;00000000;00000;000000;       ;                                                       ;00000000;00000;000000;       ;                                                       ;00000000;00000;000000;       ;                                                       ;00000000;00000;000000;       ;                                                       ;00000000;00000;000000;       ;                                                       ;00000000;00000;000000;       ;                                                       ;00000000;00000;000000;       ;                                                       ;00000000;00000;000000;       ;                                                       ;00000000;00000;000000;       ;                                                       ;00000000;00000;000000;       ;                                                       ;00000000;00000;000000;       ;                                                       ;00000000;00000;000000;       ;                                                       ;00000000;00000;000000;       ;                                                       ;00000000;00000;000000;       ;                                                       ;00000000;00000;000000;       ;                                                       ;00000000;00000;000000
08;05;9;180;99;Parral, El                                        ;99;99;00001;00000082;00000082;10000;00000063;07683;00000019;02317;00000000;00000;00000004;00635;000003;1003441;PP                                                     ;00000041;06949;000002;9689014;Cs                                                     ;00000013;02203;000001;1030889;P.S.O.E.                                               ;00000002;00339;000000;       ;                                                       ;00000000;00000;000000;       ;                                                       ;00000000;00000;000000;       ;                                                       ;00000000;00000;000000;       ;                                                       ;00000000;00000;000000;       ;                                                       ;00000000;00000;000000;       ;                                                       ;00000000;00000;000000;       ;                                                       ;00000000;00000;000000;       ;                                                       ;00000000;00000;000000;       ;                                                       ;00000000;00000;000000;       ;                                                       ;00000000;00000;000000;       ;                                                       ;00000000;00000;000000;       ;                                                       ;00000000;00000;000000;       ;                                                       ;00000000;00000;000000;       ;                                                       ;00000000;00000;000000;       ;                                                       ;00000000;00000;000000;       ;                                                       ;00000000;00000;000000;       ;                                                       ;00000000;00000;000000;       ;                                                       ;00000000;00000;000000;       ;                                                       ;00000000;00000;000000;       ;                                                       ;00000000;00000;000000;       ;                                                       ;00000000;00000;000000;       ;                                                       ;00000000;00000;000000;       ;                                                       ;00000000;00000;000000;       ;                                                       ;00000000;00000;000000;       ;                                                       ;00000000;00000;000000;       ;                                                       ;00000000;00000;000000;       ;                                                       ;00000000;00000;000000;       ;                                                       ;00000000;00000;000000;       ;                                                       ;00000000;00000;000000;       ;                                                       ;00000000;00000;000000;       ;                                                       ;00000000;00000;000000;       ;                                                       ;00000000;00000;000000;       ;                                                       ;00000000;00000;000000;       ;                                                       ;00000000;00000;000000;       ;                                                       ;00000000;00000;000000;       ;                                                       ;00000000;00000;000000;       ;                                                       ;00000000;00000;000000;       ;                                                       ;00000000;00000;000000;       ;                                                       ;00000000;00000;000000;       ;                                                       ;00000000;00000;000000;       ;                                                       ;00000000;00000;000000;       ;                                                       ;00000000;00000;000000;       ;                                                       ;00000000;00000;000000;       ;                                                       ;00000000;00000;000000;       ;                                                       ;00000000;00000;000000;       ;                                                       ;00000000;00000;000000;       ;                                                       ;00000000;00000;000000
08;05;9;181;99;Pascualcobo                                       ;99;99;00001;00000047;00000047;10000;00000042;08936;00000005;01064;00000001;00286;00000007;01667;000003;1003441;PP                                                     ;00000032;09143;000003;1030889;P.S.O.E.                                               ;00000001;00286;000000;       ;                                                       ;00000000;00000;000000;       ;                                                       ;00000000;00000;000000;       ;                                                       ;00000000;00000;000000;       ;                                                       ;00000000;00000;000000;       ;                                                       ;00000000;00000;000000;       ;                                                       ;00000000;00000;000000;       ;                                                       ;00000000;00000;000000;       ;                                                       ;00000000;00000;000000;       ;                                                       ;00000000;00000;000000;       ;                                                       ;00000000;00000;000000;       ;                                                       ;00000000;00000;000000;       ;                                                       ;00000000;00000;000000;       ;                                                       ;00000000;00000;000000;       ;                                                       ;00000000;00000;000000;       ;                                                       ;00000000;00000;000000;       ;                                                       ;00000000;00000;000000;       ;                                                       ;00000000;00000;000000;       ;                                                       ;00000000;00000;000000;       ;                                                       ;00000000;00000;000000;       ;                                                       ;00000000;00000;000000;       ;                                                       ;00000000;00000;000000;       ;                                                       ;00000000;00000;000000;       ;                                                       ;00000000;00000;000000;       ;                                                       ;00000000;00000;000000;       ;                                                       ;00000000;00000;000000;       ;                                                       ;00000000;00000;000000;       ;                                                       ;00000000;00000;000000;       ;                                                       ;00000000;00000;000000;       ;                                                       ;00000000;00000;000000;       ;                                                       ;00000000;00000;000000;       ;                                                       ;00000000;00000;000000;       ;                                                       ;00000000;00000;000000;       ;                                                       ;00000000;00000;000000;       ;                                                       ;00000000;00000;000000;       ;                                                       ;00000000;00000;000000;       ;                                                       ;00000000;00000;000000;       ;                                                       ;00000000;00000;000000;       ;                                                       ;00000000;00000;000000;       ;                                                       ;00000000;00000;000000;       ;                                                       ;00000000;00000;000000;       ;                                                       ;00000000;00000;000000;       ;                                                       ;00000000;00000;000000;       ;                                                       ;00000000;00000;000000;       ;                                                       ;00000000;00000;000000;       ;                                                       ;00000000;00000;000000;       ;                                                       ;00000000;00000;000000;       ;                                                       ;00000000;00000;000000;       ;                                                       ;00000000;00000;000000
08;05;9;182;99;Pedro Bernardo                                    ;99;99;00001;00000730;00000730;10000;00000544;07452;00000186;02548;00000001;00019;00000011;00202;000007;1022852;XAV                                                    ;00000273;05122;000004;1003441;PP                                                     ;00000153;02871;000002;1005509;PBV                                                    ;00000092;01726;000001;1030889;P.S.O.E.                                               ;00000014;00263;000000;       ;                                                       ;00000000;00000;000000;       ;                                                       ;00000000;00000;000000;       ;                                                       ;00000000;00000;000000;       ;                                                       ;00000000;00000;000000;       ;                                                       ;00000000;00000;000000;       ;                                                       ;00000000;00000;000000;       ;                                                       ;00000000;00000;000000;       ;                                                       ;00000000;00000;000000;       ;                                                       ;00000000;00000;000000;       ;                                                       ;00000000;00000;000000;       ;                                                       ;00000000;00000;000000;       ;                                                       ;00000000;00000;000000;       ;                                                       ;00000000;00000;000000;       ;                                                       ;00000000;00000;000000;       ;                                                       ;00000000;00000;000000;       ;                                                       ;00000000;00000;000000;       ;                                                       ;00000000;00000;000000;       ;                                                       ;00000000;00000;000000;       ;                                                       ;00000000;00000;000000;       ;                                                       ;00000000;00000;000000;       ;                                                       ;00000000;00000;000000;       ;                                                       ;00000000;00000;000000;       ;                                                       ;00000000;00000;000000;       ;                                                       ;00000000;00000;000000;       ;                                                       ;00000000;00000;000000;       ;                                                       ;00000000;00000;000000;       ;                                                       ;00000000;00000;000000;       ;                                                       ;00000000;00000;000000;       ;                                                       ;00000000;00000;000000;       ;                                                       ;00000000;00000;000000;       ;                                                       ;00000000;00000;000000;       ;                                                       ;00000000;00000;000000;       ;                                                       ;00000000;00000;000000;       ;                                                       ;00000000;00000;000000;       ;                                                       ;00000000;00000;000000;       ;                                                       ;00000000;00000;000000;       ;                                                       ;00000000;00000;000000;       ;                                                       ;00000000;00000;000000;       ;                                                       ;00000000;00000;000000;       ;                                                       ;00000000;00000;000000;       ;                                                       ;00000000;00000;000000;       ;                                                       ;00000000;00000;000000;       ;                                                       ;00000000;00000;000000;       ;                                                       ;00000000;00000;000000;       ;                                                       ;00000000;00000;000000;       ;                                                       ;00000000;00000;000000
08;05;9;183;99;Pedro-Rodríguez                                   ;99;99;00001;00000124;00000124;10000;00000106;08548;00000018;01452;00000003;00291;00000003;00283;000005;1003441;PP                                                     ;00000072;06990;000004;1030889;P.S.O.E.                                               ;00000034;03301;000001;       ;                                                       ;00000000;00000;000000;       ;                                                       ;00000000;00000;000000;       ;                                                       ;00000000;00000;000000;       ;                                                       ;00000000;00000;000000;       ;                                                       ;00000000;00000;000000;       ;                                                       ;00000000;00000;000000;       ;                                                       ;00000000;00000;000000;       ;                                                       ;00000000;00000;000000;       ;                                                       ;00000000;00000;000000;       ;                                                       ;00000000;00000;000000;       ;                                                       ;00000000;00000;000000;       ;                                                       ;00000000;00000;000000;       ;                                                       ;00000000;00000;000000;       ;                                                       ;00000000;00000;000000;       ;                                                       ;00000000;00000;000000;       ;                                                       ;00000000;00000;000000;       ;                                                       ;00000000;00000;000000;       ;                                                       ;00000000;00000;000000;       ;                                                       ;00000000;00000;000000;       ;                                                       ;00000000;00000;000000;       ;                                                       ;00000000;00000;000000;       ;                                                       ;00000000;00000;000000;       ;                                                       ;00000000;00000;000000;       ;                                                       ;00000000;00000;000000;       ;                                                       ;00000000;00000;000000;       ;                                                       ;00000000;00000;000000;       ;                                                       ;00000000;00000;000000;       ;                                                       ;00000000;00000;000000;       ;                                                       ;00000000;00000;000000;       ;                                                       ;00000000;00000;000000;       ;                                                       ;00000000;00000;000000;       ;                                                       ;00000000;00000;000000;       ;                                                       ;00000000;00000;000000;       ;                                                       ;00000000;00000;000000;       ;                                                       ;00000000;00000;000000;       ;                                                       ;00000000;00000;000000;       ;                                                       ;00000000;00000;000000;       ;                                                       ;00000000;00000;000000;       ;                                                       ;00000000;00000;000000;       ;                                                       ;00000000;00000;000000;       ;                                                       ;00000000;00000;000000;       ;                                                       ;00000000;00000;000000;       ;                                                       ;00000000;00000;000000;       ;                                                       ;00000000;00000;000000;       ;                                                       ;00000000;00000;000000;       ;                                                       ;00000000;00000;000000;       ;                                                       ;00000000;00000;000000;       ;                                                       ;00000000;00000;000000
08;05;9;184;99;Peguerinos                                        ;99;99;00001;00000244;00000244;10000;00000217;08893;00000027;01107;00000002;00094;00000005;00230;000007;1003441;PP                                                     ;00000114;05377;000004;1030889;P.S.O.E.                                               ;00000096;04528;000003;       ;                                                       ;00000000;00000;000000;       ;                                                       ;00000000;00000;000000;       ;                                                       ;00000000;00000;000000;       ;                                                       ;00000000;00000;000000;       ;                                                       ;00000000;00000;000000;       ;                                                       ;00000000;00000;000000;       ;                                                       ;00000000;00000;000000;       ;                                                       ;00000000;00000;000000;       ;                                                       ;00000000;00000;000000;       ;                                                       ;00000000;00000;000000;       ;                                                       ;00000000;00000;000000;       ;                                                       ;00000000;00000;000000;       ;                                                       ;00000000;00000;000000;       ;                                                       ;00000000;00000;000000;       ;                                                       ;00000000;00000;000000;       ;                                                       ;00000000;00000;000000;       ;                                                       ;00000000;00000;000000;       ;                                                       ;00000000;00000;000000;       ;                                                       ;00000000;00000;000000;       ;                                                       ;00000000;00000;000000;       ;                                                       ;00000000;00000;000000;       ;                                                       ;00000000;00000;000000;       ;                                                       ;00000000;00000;000000;       ;                                                       ;00000000;00000;000000;       ;                                                       ;00000000;00000;000000;       ;                                                       ;00000000;00000;000000;       ;                                                       ;00000000;00000;000000;       ;                                                       ;00000000;00000;000000;       ;                                                       ;00000000;00000;000000;       ;                                                       ;00000000;00000;000000;       ;                                                       ;00000000;00000;000000;       ;                                                       ;00000000;00000;000000;       ;                                                       ;00000000;00000;000000;       ;                                                       ;00000000;00000;000000;       ;                                                       ;00000000;00000;000000;       ;                                                       ;00000000;00000;000000;       ;                                                       ;00000000;00000;000000;       ;                                                       ;00000000;00000;000000;       ;                                                       ;00000000;00000;000000;       ;                                                       ;00000000;00000;000000;       ;                                                       ;00000000;00000;000000;       ;                                                       ;00000000;00000;000000;       ;                                                       ;00000000;00000;000000;       ;                                                       ;00000000;00000;000000;       ;                                                       ;00000000;00000;000000;       ;                                                       ;00000000;00000;000000;       ;                                                       ;00000000;00000;000000;       ;                                                       ;00000000;00000;000000
08;05;9;185;99;Peñalba de Ávila                                  ;99;99;00001;00000091;00000091;10000;00000070;07692;00000021;02308;00000001;00149;00000003;00429;000005;1003441;PP                                                     ;00000041;06119;000005;1030889;P.S.O.E.                                               ;00000011;01642;000000;       ;                                                       ;00000000;00000;000000;       ;                                                       ;00000000;00000;000000;       ;                                                       ;00000000;00000;000000;       ;                                                       ;00000000;00000;000000;       ;                                                       ;00000000;00000;000000;       ;                                                       ;00000000;00000;000000;       ;                                                       ;00000000;00000;000000;       ;                                                       ;00000000;00000;000000;       ;                                                       ;00000000;00000;000000;       ;                                                       ;00000000;00000;000000;       ;                                                       ;00000000;00000;000000;       ;                                                       ;00000000;00000;000000;       ;                                                       ;00000000;00000;000000;       ;                                                       ;00000000;00000;000000;       ;                                                       ;00000000;00000;000000;       ;                                                       ;00000000;00000;000000;       ;                                                       ;00000000;00000;000000;       ;                                                       ;00000000;00000;000000;       ;                                                       ;00000000;00000;000000;       ;                                                       ;00000000;00000;000000;       ;                                                       ;00000000;00000;000000;       ;                                                       ;00000000;00000;000000;       ;                                                       ;00000000;00000;000000;       ;                                                       ;00000000;00000;000000;       ;                                                       ;00000000;00000;000000;       ;                                                       ;00000000;00000;000000;       ;                                                       ;00000000;00000;000000;       ;                                                       ;00000000;00000;000000;       ;                                                       ;00000000;00000;000000;       ;                                                       ;00000000;00000;000000;       ;                                                       ;00000000;00000;000000;       ;                                                       ;00000000;00000;000000;       ;                                                       ;00000000;00000;000000;       ;                                                       ;00000000;00000;000000;       ;                                                       ;00000000;00000;000000;       ;                                                       ;00000000;00000;000000;       ;                                                       ;00000000;00000;000000;       ;                                                       ;00000000;00000;000000;       ;                                                       ;00000000;00000;000000;       ;                                                       ;00000000;00000;000000;       ;                                                       ;00000000;00000;000000;       ;                                                       ;00000000;00000;000000;       ;                                                       ;00000000;00000;000000;       ;                                                       ;00000000;00000;000000;       ;                                                       ;00000000;00000;000000;       ;                                                       ;00000000;00000;000000;       ;                                                       ;00000000;00000;000000;       ;                                                       ;00000000;00000;000000
08;05;9;186;99;Piedrahíta                                        ;99;99;00002;00001561;00001561;10000;00001241;07950;00000320;02050;00000014;00115;00000027;00218;000009;1003441;PP                                                     ;00000671;05527;000005;1030889;P.S.O.E.                                               ;00000495;04077;000004;9689014;Cs                                                     ;00000034;00280;000000;       ;                                                       ;00000000;00000;000000;       ;                                                       ;00000000;00000;000000;       ;                                                       ;00000000;00000;000000;       ;                                                       ;00000000;00000;000000;       ;                                                       ;00000000;00000;000000;       ;                                                       ;00000000;00000;000000;       ;                                                       ;00000000;00000;000000;       ;                                                       ;00000000;00000;000000;       ;                                                       ;00000000;00000;000000;       ;                                                       ;00000000;00000;000000;       ;                                                       ;00000000;00000;000000;       ;                                                       ;00000000;00000;000000;       ;                                                       ;00000000;00000;000000;       ;                                                       ;00000000;00000;000000;       ;                                                       ;00000000;00000;000000;       ;                                                       ;00000000;00000;000000;       ;                                                       ;00000000;00000;000000;       ;                                                       ;00000000;00000;000000;       ;                                                       ;00000000;00000;000000;       ;                                                       ;00000000;00000;000000;       ;                                                       ;00000000;00000;000000;       ;                                                       ;00000000;00000;000000;       ;                                                       ;00000000;00000;000000;       ;                                                       ;00000000;00000;000000;       ;                                                       ;00000000;00000;000000;       ;                                                       ;00000000;00000;000000;       ;                                                       ;00000000;00000;000000;       ;                                                       ;00000000;00000;000000;       ;                                                       ;00000000;00000;000000;       ;                                                       ;00000000;00000;000000;       ;                                                       ;00000000;00000;000000;       ;                                                       ;00000000;00000;000000;       ;                                                       ;00000000;00000;000000;       ;                                                       ;00000000;00000;000000;       ;                                                       ;00000000;00000;000000;       ;                                                       ;00000000;00000;000000;       ;                                                       ;00000000;00000;000000;       ;                                                       ;00000000;00000;000000;       ;                                                       ;00000000;00000;000000;       ;                                                       ;00000000;00000;000000;       ;                                                       ;00000000;00000;000000;       ;                                                       ;00000000;00000;000000;       ;                                                       ;00000000;00000;000000;       ;                                                       ;00000000;00000;000000;       ;                                                       ;00000000;00000;000000;       ;                                                       ;00000000;00000;000000;       ;                                                       ;00000000;00000;000000
08;05;9;187;99;Piedralaves                                       ;99;99;00004;00001745;00001745;10000;00001386;07943;00000359;02057;00000024;00177;00000027;00195;000011;1003441;PP                                                     ;00000619;04555;000005;1027256;P.E.M.                                                 ;00000413;03039;000004;1030889;P.S.O.E.                                               ;00000199;01464;000001;9689014;Cs                                                     ;00000104;00765;000001;       ;                                                       ;00000000;00000;000000;       ;                                                       ;00000000;00000;000000;       ;                                                       ;00000000;00000;000000;       ;                                                       ;00000000;00000;000000;       ;                                                       ;00000000;00000;000000;       ;                                                       ;00000000;00000;000000;       ;                                                       ;00000000;00000;000000;       ;                                                       ;00000000;00000;000000;       ;                                                       ;00000000;00000;000000;       ;                                                       ;00000000;00000;000000;       ;                                                       ;00000000;00000;000000;       ;                                                       ;00000000;00000;000000;       ;                                                       ;00000000;00000;000000;       ;                                                       ;00000000;00000;000000;       ;                                                       ;00000000;00000;000000;       ;                                                       ;00000000;00000;000000;       ;                                                       ;00000000;00000;000000;       ;                                                       ;00000000;00000;000000;       ;                                                       ;00000000;00000;000000;       ;                                                       ;00000000;00000;000000;       ;                                                       ;00000000;00000;000000;       ;                                                       ;00000000;00000;000000;       ;                                                       ;00000000;00000;000000;       ;                                                       ;00000000;00000;000000;       ;                                                       ;00000000;00000;000000;       ;                                                       ;00000000;00000;000000;       ;                                                       ;00000000;00000;000000;       ;                                                       ;00000000;00000;000000;       ;                                                       ;00000000;00000;000000;       ;                                                       ;00000000;00000;000000;       ;                                                       ;00000000;00000;000000;       ;                                                       ;00000000;00000;000000;       ;                                                       ;00000000;00000;000000;       ;                                                       ;00000000;00000;000000;       ;                                                       ;00000000;00000;000000;       ;                                                       ;00000000;00000;000000;       ;                                                       ;00000000;00000;000000;       ;                                                       ;00000000;00000;000000;       ;                                                       ;00000000;00000;000000;       ;                                                       ;00000000;00000;000000;       ;                                                       ;00000000;00000;000000;       ;                                                       ;00000000;00000;000000;       ;                                                       ;00000000;00000;000000;       ;                                                       ;00000000;00000;000000;       ;                                                       ;00000000;00000;000000;       ;                                                       ;00000000;00000;000000
08;05;9;188;99;Poveda                                            ;99;99;00001;00000041;00000041;10000;00000036;08780;00000005;01220;00000001;00286;00000001;00278;000003;1003441;PP                                                     ;00000025;07143;000002;1030889;P.S.O.E.                                               ;00000011;03143;000001;       ;                                                       ;00000000;00000;000000;       ;                                                       ;00000000;00000;000000;       ;                                                       ;00000000;00000;000000;       ;                                                       ;00000000;00000;000000;       ;                                                       ;00000000;00000;000000;       ;                                                       ;00000000;00000;000000;       ;                                                       ;00000000;00000;000000;       ;                                                       ;00000000;00000;000000;       ;                                                       ;00000000;00000;000000;       ;                                                       ;00000000;00000;000000;       ;                                                       ;00000000;00000;000000;       ;                                                       ;00000000;00000;000000;       ;                                                       ;00000000;00000;000000;       ;                                                       ;00000000;00000;000000;       ;                                                       ;00000000;00000;000000;       ;                                                       ;00000000;00000;000000;       ;                                                       ;00000000;00000;000000;       ;                                                       ;00000000;00000;000000;       ;                                                       ;00000000;00000;000000;       ;                                                       ;00000000;00000;000000;       ;                                                       ;00000000;00000;000000;       ;                                                       ;00000000;00000;000000;       ;                                                       ;00000000;00000;000000;       ;                                                       ;00000000;00000;000000;       ;                                                       ;00000000;00000;000000;       ;                                                       ;00000000;00000;000000;       ;                                                       ;00000000;00000;000000;       ;                                                       ;00000000;00000;000000;       ;                                                       ;00000000;00000;000000;       ;                                                       ;00000000;00000;000000;       ;                                                       ;00000000;00000;000000;       ;                                                       ;00000000;00000;000000;       ;                                                       ;00000000;00000;000000;       ;                                                       ;00000000;00000;000000;       ;                                                       ;00000000;00000;000000;       ;                                                       ;00000000;00000;000000;       ;                                                       ;00000000;00000;000000;       ;                                                       ;00000000;00000;000000;       ;                                                       ;00000000;00000;000000;       ;                                                       ;00000000;00000;000000;       ;                                                       ;00000000;00000;000000;       ;                                                       ;00000000;00000;000000;       ;                                                       ;00000000;00000;000000;       ;                                                       ;00000000;00000;000000;       ;                                                       ;00000000;00000;000000;       ;                                                       ;00000000;00000;000000;       ;                                                       ;00000000;00000;000000;       ;                                                       ;00000000;00000;000000
08;05;9;189;99;Poyales del Hoyo                                  ;99;99;00001;00000417;00000417;10000;00000367;08801;00000050;01199;00000003;00082;00000002;00054;000007;1030889;P.S.O.E.                                               ;00000237;06493;000005;1003441;PP                                                     ;00000125;03425;000002;       ;                                                       ;00000000;00000;000000;       ;                                                       ;00000000;00000;000000;       ;                                                       ;00000000;00000;000000;       ;                                                       ;00000000;00000;000000;       ;                                                       ;00000000;00000;000000;       ;                                                       ;00000000;00000;000000;       ;                                                       ;00000000;00000;000000;       ;                                                       ;00000000;00000;000000;       ;                                                       ;00000000;00000;000000;       ;                                                       ;00000000;00000;000000;       ;                                                       ;00000000;00000;000000;       ;                                                       ;00000000;00000;000000;       ;                                                       ;00000000;00000;000000;       ;                                                       ;00000000;00000;000000;       ;                                                       ;00000000;00000;000000;       ;                                                       ;00000000;00000;000000;       ;                                                       ;00000000;00000;000000;       ;                                                       ;00000000;00000;000000;       ;                                                       ;00000000;00000;000000;       ;                                                       ;00000000;00000;000000;       ;                                                       ;00000000;00000;000000;       ;                                                       ;00000000;00000;000000;       ;                                                       ;00000000;00000;000000;       ;                                                       ;00000000;00000;000000;       ;                                                       ;00000000;00000;000000;       ;                                                       ;00000000;00000;000000;       ;                                                       ;00000000;00000;000000;       ;                                                       ;00000000;00000;000000;       ;                                                       ;00000000;00000;000000;       ;                                                       ;00000000;00000;000000;       ;                                                       ;00000000;00000;000000;       ;                                                       ;00000000;00000;000000;       ;                                                       ;00000000;00000;000000;       ;                                                       ;00000000;00000;000000;       ;                                                       ;00000000;00000;000000;       ;                                                       ;00000000;00000;000000;       ;                                                       ;00000000;00000;000000;       ;                                                       ;00000000;00000;000000;       ;                                                       ;00000000;00000;000000;       ;                                                       ;00000000;00000;000000;       ;                                                       ;00000000;00000;000000;       ;                                                       ;00000000;00000;000000;       ;                                                       ;00000000;00000;000000;       ;                                                       ;00000000;00000;000000;       ;                                                       ;00000000;00000;000000;       ;                                                       ;00000000;00000;000000;       ;                                                       ;00000000;00000;000000;       ;                                                       ;00000000;00000;000000
08;05;9;190;99;Pozanco                                           ;99;99;00001;00000053;00000053;10000;00000053;10000;00000000;00000;00000000;00000;00000002;00377;000003;1003441;PP                                                     ;00000030;05882;000003;1030889;P.S.O.E.                                               ;00000002;00392;000000;       ;                                                       ;00000000;00000;000000;       ;                                                       ;00000000;00000;000000;       ;                                                       ;00000000;00000;000000;       ;                                                       ;00000000;00000;000000;       ;                                                       ;00000000;00000;000000;       ;                                                       ;00000000;00000;000000;       ;                                                       ;00000000;00000;000000;       ;                                                       ;00000000;00000;000000;       ;                                                       ;00000000;00000;000000;       ;                                                       ;00000000;00000;000000;       ;                                                       ;00000000;00000;000000;       ;                                                       ;00000000;00000;000000;       ;                                                       ;00000000;00000;000000;       ;                                                       ;00000000;00000;000000;       ;                                                       ;00000000;00000;000000;       ;                                                       ;00000000;00000;000000;       ;                                                       ;00000000;00000;000000;       ;                                                       ;00000000;00000;000000;       ;                                                       ;00000000;00000;000000;       ;                                                       ;00000000;00000;000000;       ;                                                       ;00000000;00000;000000;       ;                                                       ;00000000;00000;000000;       ;                                                       ;00000000;00000;000000;       ;                                                       ;00000000;00000;000000;       ;                                                       ;00000000;00000;000000;       ;                                                       ;00000000;00000;000000;       ;                                                       ;00000000;00000;000000;       ;                                                       ;00000000;00000;000000;       ;                                                       ;00000000;00000;000000;       ;                                                       ;00000000;00000;000000;       ;                                                       ;00000000;00000;000000;       ;                                                       ;00000000;00000;000000;       ;                                                       ;00000000;00000;000000;       ;                                                       ;00000000;00000;000000;       ;                                                       ;00000000;00000;000000;       ;                                                       ;00000000;00000;000000;       ;                                                       ;00000000;00000;000000;       ;                                                       ;00000000;00000;000000;       ;                                                       ;00000000;00000;000000;       ;                                                       ;00000000;00000;000000;       ;                                                       ;00000000;00000;000000;       ;                                                       ;00000000;00000;000000;       ;                                                       ;00000000;00000;000000;       ;                                                       ;00000000;00000;000000;       ;                                                       ;00000000;00000;000000;       ;                                                       ;00000000;00000;000000;       ;                                                       ;00000000;00000;000000;       ;                                                       ;00000000;00000;000000
08;05;9;191;99;Pradosegar                                        ;99;99;00001;00000125;00000125;10000;00000109;08720;00000016;01280;00000000;00000;00000004;00367;000005;1030889;P.S.O.E.                                               ;00000073;06952;000004;1003441;PP                                                     ;00000029;02762;000001;       ;                                                       ;00000000;00000;000000;       ;                                                       ;00000000;00000;000000;       ;                                                       ;00000000;00000;000000;       ;                                                       ;00000000;00000;000000;       ;                                                       ;00000000;00000;000000;       ;                                                       ;00000000;00000;000000;       ;                                                       ;00000000;00000;000000;       ;                                                       ;00000000;00000;000000;       ;                                                       ;00000000;00000;000000;       ;                                                       ;00000000;00000;000000;       ;                                                       ;00000000;00000;000000;       ;                                                       ;00000000;00000;000000;       ;                                                       ;00000000;00000;000000;       ;                                                       ;00000000;00000;000000;       ;                                                       ;00000000;00000;000000;       ;                                                       ;00000000;00000;000000;       ;                                                       ;00000000;00000;000000;       ;                                                       ;00000000;00000;000000;       ;                                                       ;00000000;00000;000000;       ;                                                       ;00000000;00000;000000;       ;                                                       ;00000000;00000;000000;       ;                                                       ;00000000;00000;000000;       ;                                                       ;00000000;00000;000000;       ;                                                       ;00000000;00000;000000;       ;                                                       ;00000000;00000;000000;       ;                                                       ;00000000;00000;000000;       ;                                                       ;00000000;00000;000000;       ;                                                       ;00000000;00000;000000;       ;                                                       ;00000000;00000;000000;       ;                                                       ;00000000;00000;000000;       ;                                                       ;00000000;00000;000000;       ;                                                       ;00000000;00000;000000;       ;                                                       ;00000000;00000;000000;       ;                                                       ;00000000;00000;000000;       ;                                                       ;00000000;00000;000000;       ;                                                       ;00000000;00000;000000;       ;                                                       ;00000000;00000;000000;       ;                                                       ;00000000;00000;000000;       ;                                                       ;00000000;00000;000000;       ;                                                       ;00000000;00000;000000;       ;                                                       ;00000000;00000;000000;       ;                                                       ;00000000;00000;000000;       ;                                                       ;00000000;00000;000000;       ;                                                       ;00000000;00000;000000;       ;                                                       ;00000000;00000;000000;       ;                                                       ;00000000;00000;000000;       ;                                                       ;00000000;00000;000000;       ;                                                       ;00000000;00000;000000
08;05;9;192;99;Puerto Castilla                                   ;99;99;00001;00000092;00000092;10000;00000084;09130;00000008;00870;00000001;00123;00000003;00357;000005;1003441;PP                                                     ;00000055;06790;000005;1030889;P.S.O.E.                                               ;00000023;02840;000000;       ;                                                       ;00000000;00000;000000;       ;                                                       ;00000000;00000;000000;       ;                                                       ;00000000;00000;000000;       ;                                                       ;00000000;00000;000000;       ;                                                       ;00000000;00000;000000;       ;                                                       ;00000000;00000;000000;       ;                                                       ;00000000;00000;000000;       ;                                                       ;00000000;00000;000000;       ;                                                       ;00000000;00000;000000;       ;                                                       ;00000000;00000;000000;       ;                                                       ;00000000;00000;000000;       ;                                                       ;00000000;00000;000000;       ;                                                       ;00000000;00000;000000;       ;                                                       ;00000000;00000;000000;       ;                                                       ;00000000;00000;000000;       ;                                                       ;00000000;00000;000000;       ;                                                       ;00000000;00000;000000;       ;                                                       ;00000000;00000;000000;       ;                                                       ;00000000;00000;000000;       ;                                                       ;00000000;00000;000000;       ;                                                       ;00000000;00000;000000;       ;                                                       ;00000000;00000;000000;       ;                                                       ;00000000;00000;000000;       ;                                                       ;00000000;00000;000000;       ;                                                       ;00000000;00000;000000;       ;                                                       ;00000000;00000;000000;       ;                                                       ;00000000;00000;000000;       ;                                                       ;00000000;00000;000000;       ;                                                       ;00000000;00000;000000;       ;                                                       ;00000000;00000;000000;       ;                                                       ;00000000;00000;000000;       ;                                                       ;00000000;00000;000000;       ;                                                       ;00000000;00000;000000;       ;                                                       ;00000000;00000;000000;       ;                                                       ;00000000;00000;000000;       ;                                                       ;00000000;00000;000000;       ;                                                       ;00000000;00000;000000;       ;                                                       ;00000000;00000;000000;       ;                                                       ;00000000;00000;000000;       ;                                                       ;00000000;00000;000000;       ;                                                       ;00000000;00000;000000;       ;                                                       ;00000000;00000;000000;       ;                                                       ;00000000;00000;000000;       ;                                                       ;00000000;00000;000000;       ;                                                       ;00000000;00000;000000;       ;                                                       ;00000000;00000;000000;       ;                                                       ;00000000;00000;000000;       ;                                                       ;00000000;00000;000000
08;05;9;193;99;Rasueros                                          ;99;99;00001;00000178;00000178;10000;00000158;08876;00000020;01124;00000000;00000;00000001;00063;000005;1003441;PP                                                     ;00000102;06497;000004;1030889;P.S.O.E.                                               ;00000048;03057;000001;       ;                                                       ;00000000;00000;000000;       ;                                                       ;00000000;00000;000000;       ;                                                       ;00000000;00000;000000;       ;                                                       ;00000000;00000;000000;       ;                                                       ;00000000;00000;000000;       ;                                                       ;00000000;00000;000000;       ;                                                       ;00000000;00000;000000;       ;                                                       ;00000000;00000;000000;       ;                                                       ;00000000;00000;000000;       ;                                                       ;00000000;00000;000000;       ;                                                       ;00000000;00000;000000;       ;                                                       ;00000000;00000;000000;       ;                                                       ;00000000;00000;000000;       ;                                                       ;00000000;00000;000000;       ;                                                       ;00000000;00000;000000;       ;                                                       ;00000000;00000;000000;       ;                                                       ;00000000;00000;000000;       ;                                                       ;00000000;00000;000000;       ;                                                       ;00000000;00000;000000;       ;                                                       ;00000000;00000;000000;       ;                                                       ;00000000;00000;000000;       ;                                                       ;00000000;00000;000000;       ;                                                       ;00000000;00000;000000;       ;                                                       ;00000000;00000;000000;       ;                                                       ;00000000;00000;000000;       ;                                                       ;00000000;00000;000000;       ;                                                       ;00000000;00000;000000;       ;                                                       ;00000000;00000;000000;       ;                                                       ;00000000;00000;000000;       ;                                                       ;00000000;00000;000000;       ;                                                       ;00000000;00000;000000;       ;                                                       ;00000000;00000;000000;       ;                                                       ;00000000;00000;000000;       ;                                                       ;00000000;00000;000000;       ;                                                       ;00000000;00000;000000;       ;                                                       ;00000000;00000;000000;       ;                                                       ;00000000;00000;000000;       ;                                                       ;00000000;00000;000000;       ;                                                       ;00000000;00000;000000;       ;                                                       ;00000000;00000;000000;       ;                                                       ;00000000;00000;000000;       ;                                                       ;00000000;00000;000000;       ;                                                       ;00000000;00000;000000;       ;                                                       ;00000000;00000;000000;       ;                                                       ;00000000;00000;000000;       ;                                                       ;00000000;00000;000000;       ;                                                       ;00000000;00000;000000;       ;                                                       ;00000000;00000;000000
08;05;9;194;99;Riocabado                                         ;99;99;00001;00000132;00000132;10000;00000114;08636;00000018;01364;00000000;00000;00000004;00351;000005;1003441;PP                                                     ;00000059;05364;000003;1030889;P.S.O.E.                                               ;00000058;05273;000002;1022852;XAV                                                    ;00000013;01182;000000;       ;                                                       ;00000000;00000;000000;       ;                                                       ;00000000;00000;000000;       ;                                                       ;00000000;00000;000000;       ;                                                       ;00000000;00000;000000;       ;                                                       ;00000000;00000;000000;       ;                                                       ;00000000;00000;000000;       ;                                                       ;00000000;00000;000000;       ;                                                       ;00000000;00000;000000;       ;                                                       ;00000000;00000;000000;       ;                                                       ;00000000;00000;000000;       ;                                                       ;00000000;00000;000000;       ;                                                       ;00000000;00000;000000;       ;                                                       ;00000000;00000;000000;       ;                                                       ;00000000;00000;000000;       ;                                                       ;00000000;00000;000000;       ;                                                       ;00000000;00000;000000;       ;                                                       ;00000000;00000;000000;       ;                                                       ;00000000;00000;000000;       ;                                                       ;00000000;00000;000000;       ;                                                       ;00000000;00000;000000;       ;                                                       ;00000000;00000;000000;       ;                                                       ;00000000;00000;000000;       ;                                                       ;00000000;00000;000000;       ;                                                       ;00000000;00000;000000;       ;                                                       ;00000000;00000;000000;       ;                                                       ;00000000;00000;000000;       ;                                                       ;00000000;00000;000000;       ;                                                       ;00000000;00000;000000;       ;                                                       ;00000000;00000;000000;       ;                                                       ;00000000;00000;000000;       ;                                                       ;00000000;00000;000000;       ;                                                       ;00000000;00000;000000;       ;                                                       ;00000000;00000;000000;       ;                                                       ;00000000;00000;000000;       ;                                                       ;00000000;00000;000000;       ;                                                       ;00000000;00000;000000;       ;                                                       ;00000000;00000;000000;       ;                                                       ;00000000;00000;000000;       ;                                                       ;00000000;00000;000000;       ;                                                       ;00000000;00000;000000;       ;                                                       ;00000000;00000;000000;       ;                                                       ;00000000;00000;000000;       ;                                                       ;00000000;00000;000000;       ;                                                       ;00000000;00000;000000;       ;                                                       ;00000000;00000;000000;       ;                                                       ;00000000;00000;000000;       ;                                                       ;00000000;00000;000000
08;05;9;195;99;Riofrío                                           ;99;99;00001;00000204;00000204;10000;00000145;07108;00000059;02892;00000006;00444;00000010;00690;000005;1003441;PP                                                     ;00000069;05111;000004;1030889;P.S.O.E.                                               ;00000042;03111;000001;1022852;XAV                                                    ;00000030;02222;000000;       ;                                                       ;00000000;00000;000000;       ;                                                       ;00000000;00000;000000;       ;                                                       ;00000000;00000;000000;       ;                                                       ;00000000;00000;000000;       ;                                                       ;00000000;00000;000000;       ;                                                       ;00000000;00000;000000;       ;                                                       ;00000000;00000;000000;       ;                                                       ;00000000;00000;000000;       ;                                                       ;00000000;00000;000000;       ;                                                       ;00000000;00000;000000;       ;                                                       ;00000000;00000;000000;       ;                                                       ;00000000;00000;000000;       ;                                                       ;00000000;00000;000000;       ;                                                       ;00000000;00000;000000;       ;                                                       ;00000000;00000;000000;       ;                                                       ;00000000;00000;000000;       ;                                                       ;00000000;00000;000000;       ;                                                       ;00000000;00000;000000;       ;                                                       ;00000000;00000;000000;       ;                                                       ;00000000;00000;000000;       ;                                                       ;00000000;00000;000000;       ;                                                       ;00000000;00000;000000;       ;                                                       ;00000000;00000;000000;       ;                                                       ;00000000;00000;000000;       ;                                                       ;00000000;00000;000000;       ;                                                       ;00000000;00000;000000;       ;                                                       ;00000000;00000;000000;       ;                                                       ;00000000;00000;000000;       ;                                                       ;00000000;00000;000000;       ;                                                       ;00000000;00000;000000;       ;                                                       ;00000000;00000;000000;       ;                                                       ;00000000;00000;000000;       ;                                                       ;00000000;00000;000000;       ;                                                       ;00000000;00000;000000;       ;                                                       ;00000000;00000;000000;       ;                                                       ;00000000;00000;000000;       ;                                                       ;00000000;00000;000000;       ;                                                       ;00000000;00000;000000;       ;                                                       ;00000000;00000;000000;       ;                                                       ;00000000;00000;000000;       ;                                                       ;00000000;00000;000000;       ;                                                       ;00000000;00000;000000;       ;                                                       ;00000000;00000;000000;       ;                                                       ;00000000;00000;000000;       ;                                                       ;00000000;00000;000000;       ;                                                       ;00000000;00000;000000;       ;                                                       ;00000000;00000;000000
08;05;9;196;99;Rivilla de Barajas                                ;99;99;00001;00000058;00000058;10000;00000046;07931;00000012;02069;00000000;00000;00000000;00000;000003;1030889;P.S.O.E.                                               ;00000038;08261;000003;1003441;PP                                                     ;00000005;01087;000000;       ;                                                       ;00000000;00000;000000;       ;                                                       ;00000000;00000;000000;       ;                                                       ;00000000;00000;000000;       ;                                                       ;00000000;00000;000000;       ;                                                       ;00000000;00000;000000;       ;                                                       ;00000000;00000;000000;       ;                                                       ;00000000;00000;000000;       ;                                                       ;00000000;00000;000000;       ;                                                       ;00000000;00000;000000;       ;                                                       ;00000000;00000;000000;       ;                                                       ;00000000;00000;000000;       ;                                                       ;00000000;00000;000000;       ;                                                       ;00000000;00000;000000;       ;                                                       ;00000000;00000;000000;       ;                                                       ;00000000;00000;000000;       ;                                                       ;00000000;00000;000000;       ;                                                       ;00000000;00000;000000;       ;                                                       ;00000000;00000;000000;       ;                                                       ;00000000;00000;000000;       ;                                                       ;00000000;00000;000000;       ;                                                       ;00000000;00000;000000;       ;                                                       ;00000000;00000;000000;       ;                                                       ;00000000;00000;000000;       ;                                                       ;00000000;00000;000000;       ;                                                       ;00000000;00000;000000;       ;                                                       ;00000000;00000;000000;       ;                                                       ;00000000;00000;000000;       ;                                                       ;00000000;00000;000000;       ;                                                       ;00000000;00000;000000;       ;                                                       ;00000000;00000;000000;       ;                                                       ;00000000;00000;000000;       ;                                                       ;00000000;00000;000000;       ;                                                       ;00000000;00000;000000;       ;                                                       ;00000000;00000;000000;       ;                                                       ;00000000;00000;000000;       ;                                                       ;00000000;00000;000000;       ;                                                       ;00000000;00000;000000;       ;                                                       ;00000000;00000;000000;       ;                                                       ;00000000;00000;000000;       ;                                                       ;00000000;00000;000000;       ;                                                       ;00000000;00000;000000;       ;                                                       ;00000000;00000;000000;       ;                                                       ;00000000;00000;000000;       ;                                                       ;00000000;00000;000000;       ;                                                       ;00000000;00000;000000;       ;                                                       ;00000000;00000;000000;       ;                                                       ;00000000;00000;000000;       ;                                                       ;00000000;00000;000000
08;05;9;197;99;Salobral                                          ;99;99;00001;00000100;00000100;10000;00000091;09100;00000009;00900;00000000;00000;00000000;00000;000005;1022852;XAV                                                    ;00000051;05604;000004;1003441;PP                                                     ;00000031;03407;000001;1030889;P.S.O.E.                                               ;00000004;00440;000000;       ;                                                       ;00000000;00000;000000;       ;                                                       ;00000000;00000;000000;       ;                                                       ;00000000;00000;000000;       ;                                                       ;00000000;00000;000000;       ;                                                       ;00000000;00000;000000;       ;                                                       ;00000000;00000;000000;       ;                                                       ;00000000;00000;000000;       ;                                                       ;00000000;00000;000000;       ;                                                       ;00000000;00000;000000;       ;                                                       ;00000000;00000;000000;       ;                                                       ;00000000;00000;000000;       ;                                                       ;00000000;00000;000000;       ;                                                       ;00000000;00000;000000;       ;                                                       ;00000000;00000;000000;       ;                                                       ;00000000;00000;000000;       ;                                                       ;00000000;00000;000000;       ;                                                       ;00000000;00000;000000;       ;                                                       ;00000000;00000;000000;       ;                                                       ;00000000;00000;000000;       ;                                                       ;00000000;00000;000000;       ;                                                       ;00000000;00000;000000;       ;                                                       ;00000000;00000;000000;       ;                                                       ;00000000;00000;000000;       ;                                                       ;00000000;00000;000000;       ;                                                       ;00000000;00000;000000;       ;                                                       ;00000000;00000;000000;       ;                                                       ;00000000;00000;000000;       ;                                                       ;00000000;00000;000000;       ;                                                       ;00000000;00000;000000;       ;                                                       ;00000000;00000;000000;       ;                                                       ;00000000;00000;000000;       ;                                                       ;00000000;00000;000000;       ;                                                       ;00000000;00000;000000;       ;                                                       ;00000000;00000;000000;       ;                                                       ;00000000;00000;000000;       ;                                                       ;00000000;00000;000000;       ;                                                       ;00000000;00000;000000;       ;                                                       ;00000000;00000;000000;       ;                                                       ;00000000;00000;000000;       ;                                                       ;00000000;00000;000000;       ;                                                       ;00000000;00000;000000;       ;                                                       ;00000000;00000;000000;       ;                                                       ;00000000;00000;000000;       ;                                                       ;00000000;00000;000000;       ;                                                       ;00000000;00000;000000;       ;                                                       ;00000000;00000;000000;       ;                                                       ;00000000;00000;000000
08;05;9;198;99;Salvadiós                                         ;99;99;00001;00000071;00000071;10000;00000060;08451;00000011;01549;00000002;00370;00000006;01000;000003;1030889;P.S.O.E.                                               ;00000028;05185;000002;1003441;PP                                                     ;00000023;04259;000001;       ;                                                       ;00000000;00000;000000;       ;                                                       ;00000000;00000;000000;       ;                                                       ;00000000;00000;000000;       ;                                                       ;00000000;00000;000000;       ;                                                       ;00000000;00000;000000;       ;                                                       ;00000000;00000;000000;       ;                                                       ;00000000;00000;000000;       ;                                                       ;00000000;00000;000000;       ;                                                       ;00000000;00000;000000;       ;                                                       ;00000000;00000;000000;       ;                                                       ;00000000;00000;000000;       ;                                                       ;00000000;00000;000000;       ;                                                       ;00000000;00000;000000;       ;                                                       ;00000000;00000;000000;       ;                                                       ;00000000;00000;000000;       ;                                                       ;00000000;00000;000000;       ;                                                       ;00000000;00000;000000;       ;                                                       ;00000000;00000;000000;       ;                                                       ;00000000;00000;000000;       ;                                                       ;00000000;00000;000000;       ;                                                       ;00000000;00000;000000;       ;                                                       ;00000000;00000;000000;       ;                                                       ;00000000;00000;000000;       ;                                                       ;00000000;00000;000000;       ;                                                       ;00000000;00000;000000;       ;                                                       ;00000000;00000;000000;       ;                                                       ;00000000;00000;000000;       ;                                                       ;00000000;00000;000000;       ;                                                       ;00000000;00000;000000;       ;                                                       ;00000000;00000;000000;       ;                                                       ;00000000;00000;000000;       ;                                                       ;00000000;00000;000000;       ;                                                       ;00000000;00000;000000;       ;                                                       ;00000000;00000;000000;       ;                                                       ;00000000;00000;000000;       ;                                                       ;00000000;00000;000000;       ;                                                       ;00000000;00000;000000;       ;                                                       ;00000000;00000;000000;       ;                                                       ;00000000;00000;000000;       ;                                                       ;00000000;00000;000000;       ;                                                       ;00000000;00000;000000;       ;                                                       ;00000000;00000;000000;       ;                                                       ;00000000;00000;000000;       ;                                                       ;00000000;00000;000000;       ;                                                       ;00000000;00000;000000;       ;                                                       ;00000000;00000;000000;       ;                                                       ;00000000;00000;000000;       ;                                                       ;00000000;00000;000000
08;05;9;199;99;San Bartolomé de Béjar                            ;99;99;00001;00000037;00000037;10000;00000037;10000;00000000;00000;00000000;00000;00000000;00000;000003;1003441;PP                                                     ;00000022;05946;000002;1010325;SSBB                                                   ;00000014;03784;000001;1030889;P.S.O.E.                                               ;00000000;00000;000000;       ;                                                       ;00000000;00000;000000;       ;                                                       ;00000000;00000;000000;       ;                                                       ;00000000;00000;000000;       ;                                                       ;00000000;00000;000000;       ;                                                       ;00000000;00000;000000;       ;                                                       ;00000000;00000;000000;       ;                                                       ;00000000;00000;000000;       ;                                                       ;00000000;00000;000000;       ;                                                       ;00000000;00000;000000;       ;                                                       ;00000000;00000;000000;       ;                                                       ;00000000;00000;000000;       ;                                                       ;00000000;00000;000000;       ;                                                       ;00000000;00000;000000;       ;                                                       ;00000000;00000;000000;       ;                                                       ;00000000;00000;000000;       ;                                                       ;00000000;00000;000000;       ;                                                       ;00000000;00000;000000;       ;                                                       ;00000000;00000;000000;       ;                                                       ;00000000;00000;000000;       ;                                                       ;00000000;00000;000000;       ;                                                       ;00000000;00000;000000;       ;                                                       ;00000000;00000;000000;       ;                                                       ;00000000;00000;000000;       ;                                                       ;00000000;00000;000000;       ;                                                       ;00000000;00000;000000;       ;                                                       ;00000000;00000;000000;       ;                                                       ;00000000;00000;000000;       ;                                                       ;00000000;00000;000000;       ;                                                       ;00000000;00000;000000;       ;                                                       ;00000000;00000;000000;       ;                                                       ;00000000;00000;000000;       ;                                                       ;00000000;00000;000000;       ;                                                       ;00000000;00000;000000;       ;                                                       ;00000000;00000;000000;       ;                                                       ;00000000;00000;000000;       ;                                                       ;00000000;00000;000000;       ;                                                       ;00000000;00000;000000;       ;                                                       ;00000000;00000;000000;       ;                                                       ;00000000;00000;000000;       ;                                                       ;00000000;00000;000000;       ;                                                       ;00000000;00000;000000;       ;                                                       ;00000000;00000;000000;       ;                                                       ;00000000;00000;000000;       ;                                                       ;00000000;00000;000000;       ;                                                       ;00000000;00000;000000;       ;                                                       ;00000000;00000;000000;       ;                                                       ;00000000;00000;000000
08;05;9;200;99;San Bartolomé de Corneja                          ;99;99;00001;00000042;00000042;10000;00000029;06905;00000013;03095;00000000;00000;00000003;01034;000003;1003441;PP                                                     ;00000021;08077;000003;1030889;P.S.O.E.                                               ;00000004;01538;000000;       ;                                                       ;00000000;00000;000000;       ;                                                       ;00000000;00000;000000;       ;                                                       ;00000000;00000;000000;       ;                                                       ;00000000;00000;000000;       ;                                                       ;00000000;00000;000000;       ;                                                       ;00000000;00000;000000;       ;                                                       ;00000000;00000;000000;       ;                                                       ;00000000;00000;000000;       ;                                                       ;00000000;00000;000000;       ;                                                       ;00000000;00000;000000;       ;                                                       ;00000000;00000;000000;       ;                                                       ;00000000;00000;000000;       ;                                                       ;00000000;00000;000000;       ;                                                       ;00000000;00000;000000;       ;                                                       ;00000000;00000;000000;       ;                                                       ;00000000;00000;000000;       ;                                                       ;00000000;00000;000000;       ;                                                       ;00000000;00000;000000;       ;                                                       ;00000000;00000;000000;       ;                                                       ;00000000;00000;000000;       ;                                                       ;00000000;00000;000000;       ;                                                       ;00000000;00000;000000;       ;                                                       ;00000000;00000;000000;       ;                                                       ;00000000;00000;000000;       ;                                                       ;00000000;00000;000000;       ;                                                       ;00000000;00000;000000;       ;                                                       ;00000000;00000;000000;       ;                                                       ;00000000;00000;000000;       ;                                                       ;00000000;00000;000000;       ;                                                       ;00000000;00000;000000;       ;                                                       ;00000000;00000;000000;       ;                                                       ;00000000;00000;000000;       ;                                                       ;00000000;00000;000000;       ;                                                       ;00000000;00000;000000;       ;                                                       ;00000000;00000;000000;       ;                                                       ;00000000;00000;000000;       ;                                                       ;00000000;00000;000000;       ;                                                       ;00000000;00000;000000;       ;                                                       ;00000000;00000;000000;       ;                                                       ;00000000;00000;000000;       ;                                                       ;00000000;00000;000000;       ;                                                       ;00000000;00000;000000;       ;                                                       ;00000000;00000;000000;       ;                                                       ;00000000;00000;000000;       ;                                                       ;00000000;00000;000000;       ;                                                       ;00000000;00000;000000;       ;                                                       ;00000000;00000;000000;       ;                                                       ;00000000;00000;000000
08;05;9;201;99;San Bartolomé de Pinares                          ;99;99;00001;00000500;00000500;10000;00000452;09040;00000048;00960;00000000;00000;00000000;00000;000007;1003441;PP                                                     ;00000141;03119;000002;1030889;P.S.O.E.                                               ;00000139;03075;000002;1003044;ÁvilaLP                                                ;00000122;02699;000002;9689014;Cs                                                     ;00000050;01106;000001;       ;                                                       ;00000000;00000;000000;       ;                                                       ;00000000;00000;000000;       ;                                                       ;00000000;00000;000000;       ;                                                       ;00000000;00000;000000;       ;                                                       ;00000000;00000;000000;       ;                                                       ;00000000;00000;000000;       ;                                                       ;00000000;00000;000000;       ;                                                       ;00000000;00000;000000;       ;                                                       ;00000000;00000;000000;       ;                                                       ;00000000;00000;000000;       ;                                                       ;00000000;00000;000000;       ;                                                       ;00000000;00000;000000;       ;                                                       ;00000000;00000;000000;       ;                                                       ;00000000;00000;000000;       ;                                                       ;00000000;00000;000000;       ;                                                       ;00000000;00000;000000;       ;                                                       ;00000000;00000;000000;       ;                                                       ;00000000;00000;000000;       ;                                                       ;00000000;00000;000000;       ;                                                       ;00000000;00000;000000;       ;                                                       ;00000000;00000;000000;       ;                                                       ;00000000;00000;000000;       ;                                                       ;00000000;00000;000000;       ;                                                       ;00000000;00000;000000;       ;                                                       ;00000000;00000;000000;       ;                                                       ;00000000;00000;000000;       ;                                                       ;00000000;00000;000000;       ;                                                       ;00000000;00000;000000;       ;                                                       ;00000000;00000;000000;       ;                                                       ;00000000;00000;000000;       ;                                                       ;00000000;00000;000000;       ;                                                       ;00000000;00000;000000;       ;                                                       ;00000000;00000;000000;       ;                                                       ;00000000;00000;000000;       ;                                                       ;00000000;00000;000000;       ;                                                       ;00000000;00000;000000;       ;                                                       ;00000000;00000;000000;       ;                                                       ;00000000;00000;000000;       ;                                                       ;00000000;00000;000000;       ;                                                       ;00000000;00000;000000;       ;                                                       ;00000000;00000;000000;       ;                                                       ;00000000;00000;000000;       ;                                                       ;00000000;00000;000000;       ;                                                       ;00000000;00000;000000;       ;                                                       ;00000000;00000;000000;       ;                                                       ;00000000;00000;000000
08;05;9;206;99;San Esteban de los Patos                          ;99;99;00001;00000027;00000027;10000;00000022;08148;00000005;01852;00000000;00000;00000002;00909;000003;1003441;PP                                                     ;00000013;06500;000002;1030889;P.S.O.E.                                               ;00000007;03500;000001;1022852;XAV                                                    ;00000002;01000;000000;       ;                                                       ;00000000;00000;000000;       ;                                                       ;00000000;00000;000000;       ;                                                       ;00000000;00000;000000;       ;                                                       ;00000000;00000;000000;       ;                                                       ;00000000;00000;000000;       ;                                                       ;00000000;00000;000000;       ;                                                       ;00000000;00000;000000;       ;                                                       ;00000000;00000;000000;       ;                                                       ;00000000;00000;000000;       ;                                                       ;00000000;00000;000000;       ;                                                       ;00000000;00000;000000;       ;                                                       ;00000000;00000;000000;       ;                                                       ;00000000;00000;000000;       ;                                                       ;00000000;00000;000000;       ;                                                       ;00000000;00000;000000;       ;                                                       ;00000000;00000;000000;       ;                                                       ;00000000;00000;000000;       ;                                                       ;00000000;00000;000000;       ;                                                       ;00000000;00000;000000;       ;                                                       ;00000000;00000;000000;       ;                                                       ;00000000;00000;000000;       ;                                                       ;00000000;00000;000000;       ;                                                       ;00000000;00000;000000;       ;                                                       ;00000000;00000;000000;       ;                                                       ;00000000;00000;000000;       ;                                                       ;00000000;00000;000000;       ;                                                       ;00000000;00000;000000;       ;                                                       ;00000000;00000;000000;       ;                                                       ;00000000;00000;000000;       ;                                                       ;00000000;00000;000000;       ;                                                       ;00000000;00000;000000;       ;                                                       ;00000000;00000;000000;       ;                                                       ;00000000;00000;000000;       ;                                                       ;00000000;00000;000000;       ;                                                       ;00000000;00000;000000;       ;                                                       ;00000000;00000;000000;       ;                                                       ;00000000;00000;000000;       ;                                                       ;00000000;00000;000000;       ;                                                       ;00000000;00000;000000;       ;                                                       ;00000000;00000;000000;       ;                                                       ;00000000;00000;000000;       ;                                                       ;00000000;00000;000000;       ;                                                       ;00000000;00000;000000;       ;                                                       ;00000000;00000;000000;       ;                                                       ;00000000;00000;000000;       ;                                                       ;00000000;00000;000000;       ;                                                       ;00000000;00000;000000
08;05;9;208;99;San Esteban de Zapardiel                          ;99;99;00001;00000038;00000038;10000;00000035;09211;00000003;00789;00000000;00000;00000000;00000;000003;1003441;PP                                                     ;00000026;07429;000002;1030889;P.S.O.E.                                               ;00000008;02286;000001;       ;                                                       ;00000000;00000;000000;       ;                                                       ;00000000;00000;000000;       ;                                                       ;00000000;00000;000000;       ;                                                       ;00000000;00000;000000;       ;                                                       ;00000000;00000;000000;       ;                                                       ;00000000;00000;000000;       ;                                                       ;00000000;00000;000000;       ;                                                       ;00000000;00000;000000;       ;                                                       ;00000000;00000;000000;       ;                                                       ;00000000;00000;000000;       ;                                                       ;00000000;00000;000000;       ;                                                       ;00000000;00000;000000;       ;                                                       ;00000000;00000;000000;       ;                                                       ;00000000;00000;000000;       ;                                                       ;00000000;00000;000000;       ;                                                       ;00000000;00000;000000;       ;                                                       ;00000000;00000;000000;       ;                                                       ;00000000;00000;000000;       ;                                                       ;00000000;00000;000000;       ;                                                       ;00000000;00000;000000;       ;                                                       ;00000000;00000;000000;       ;                                                       ;00000000;00000;000000;       ;                                                       ;00000000;00000;000000;       ;                                                       ;00000000;00000;000000;       ;                                                       ;00000000;00000;000000;       ;                                                       ;00000000;00000;000000;       ;                                                       ;00000000;00000;000000;       ;                                                       ;00000000;00000;000000;       ;                                                       ;00000000;00000;000000;       ;                                                       ;00000000;00000;000000;       ;                                                       ;00000000;00000;000000;       ;                                                       ;00000000;00000;000000;       ;                                                       ;00000000;00000;000000;       ;                                                       ;00000000;00000;000000;       ;                                                       ;00000000;00000;000000;       ;                                                       ;00000000;00000;000000;       ;                                                       ;00000000;00000;000000;       ;                                                       ;00000000;00000;000000;       ;                                                       ;00000000;00000;000000;       ;                                                       ;00000000;00000;000000;       ;                                                       ;00000000;00000;000000;       ;                                                       ;00000000;00000;000000;       ;                                                       ;00000000;00000;000000;       ;                                                       ;00000000;00000;000000;       ;                                                       ;00000000;00000;000000;       ;                                                       ;00000000;00000;000000;       ;                                                       ;00000000;00000;000000;       ;                                                       ;00000000;00000;000000
08;05;9;207;99;San Esteban del Valle                             ;99;99;00001;00000645;00000645;10000;00000566;08775;00000079;01225;00000005;00089;00000002;00035;000007;1030889;P.S.O.E.                                               ;00000382;06773;000005;1003441;PP                                                     ;00000177;03138;000002;       ;                                                       ;00000000;00000;000000;       ;                                                       ;00000000;00000;000000;       ;                                                       ;00000000;00000;000000;       ;                                                       ;00000000;00000;000000;       ;                                                       ;00000000;00000;000000;       ;                                                       ;00000000;00000;000000;       ;                                                       ;00000000;00000;000000;       ;                                                       ;00000000;00000;000000;       ;                                                       ;00000000;00000;000000;       ;                                                       ;00000000;00000;000000;       ;                                                       ;00000000;00000;000000;       ;                                                       ;00000000;00000;000000;       ;                                                       ;00000000;00000;000000;       ;                                                       ;00000000;00000;000000;       ;                                                       ;00000000;00000;000000;       ;                                                       ;00000000;00000;000000;       ;                                                       ;00000000;00000;000000;       ;                                                       ;00000000;00000;000000;       ;                                                       ;00000000;00000;000000;       ;                                                       ;00000000;00000;000000;       ;                                                       ;00000000;00000;000000;       ;                                                       ;00000000;00000;000000;       ;                                                       ;00000000;00000;000000;       ;                                                       ;00000000;00000;000000;       ;                                                       ;00000000;00000;000000;       ;                                                       ;00000000;00000;000000;       ;                                                       ;00000000;00000;000000;       ;                                                       ;00000000;00000;000000;       ;                                                       ;00000000;00000;000000;       ;                                                       ;00000000;00000;000000;       ;                                                       ;00000000;00000;000000;       ;                                                       ;00000000;00000;000000;       ;                                                       ;00000000;00000;000000;       ;                                                       ;00000000;00000;000000;       ;                                                       ;00000000;00000;000000;       ;                                                       ;00000000;00000;000000;       ;                                                       ;00000000;00000;000000;       ;                                                       ;00000000;00000;000000;       ;                                                       ;00000000;00000;000000;       ;                                                       ;00000000;00000;000000;       ;                                                       ;00000000;00000;000000;       ;                                                       ;00000000;00000;000000;       ;                                                       ;00000000;00000;000000;       ;                                                       ;00000000;00000;000000;       ;                                                       ;00000000;00000;000000;       ;                                                       ;00000000;00000;000000;       ;                                                       ;00000000;00000;000000;       ;                                                       ;00000000;00000;000000
08;05;9;209;99;San García de Ingelmos                            ;99;99;00001;00000074;00000074;10000;00000065;08784;00000009;01216;00000000;00000;00000002;00308;000003;1030889;P.S.O.E.                                               ;00000040;06349;000002;1003441;PP                                                     ;00000022;03492;000001;       ;                                                       ;00000000;00000;000000;       ;                                                       ;00000000;00000;000000;       ;                                                       ;00000000;00000;000000;       ;                                                       ;00000000;00000;000000;       ;                                                       ;00000000;00000;000000;       ;                                                       ;00000000;00000;000000;       ;                                                       ;00000000;00000;000000;       ;                                                       ;00000000;00000;000000;       ;                                                       ;00000000;00000;000000;       ;                                                       ;00000000;00000;000000;       ;                                                       ;00000000;00000;000000;       ;                                                       ;00000000;00000;000000;       ;                                                       ;00000000;00000;000000;       ;                                                       ;00000000;00000;000000;       ;                                                       ;00000000;00000;000000;       ;                                                       ;00000000;00000;000000;       ;                                                       ;00000000;00000;000000;       ;                                                       ;00000000;00000;000000;       ;                                                       ;00000000;00000;000000;       ;                                                       ;00000000;00000;000000;       ;                                                       ;00000000;00000;000000;       ;                                                       ;00000000;00000;000000;       ;                                                       ;00000000;00000;000000;       ;                                                       ;00000000;00000;000000;       ;                                                       ;00000000;00000;000000;       ;                                                       ;00000000;00000;000000;       ;                                                       ;00000000;00000;000000;       ;                                                       ;00000000;00000;000000;       ;                                                       ;00000000;00000;000000;       ;                                                       ;00000000;00000;000000;       ;                                                       ;00000000;00000;000000;       ;                                                       ;00000000;00000;000000;       ;                                                       ;00000000;00000;000000;       ;                                                       ;00000000;00000;000000;       ;                                                       ;00000000;00000;000000;       ;                                                       ;00000000;00000;000000;       ;                                                       ;00000000;00000;000000;       ;                                                       ;00000000;00000;000000;       ;                                                       ;00000000;00000;000000;       ;                                                       ;00000000;00000;000000;       ;                                                       ;00000000;00000;000000;       ;                                                       ;00000000;00000;000000;       ;                                                       ;00000000;00000;000000;       ;                                                       ;00000000;00000;000000;       ;                                                       ;00000000;00000;000000;       ;                                                       ;00000000;00000;000000;       ;                                                       ;00000000;00000;000000;       ;                                                       ;00000000;00000;000000
08;05;9;901;99;San Juan de Gredos                                ;99;99;00001;00000260;00000260;10000;00000225;08654;00000035;01346;00000000;00000;00000005;00222;000007;1010471;ARSJG                                                  ;00000089;04045;000003;1003441;PP                                                     ;00000084;03818;000003;1010377;AESJDG                                                 ;00000040;01818;000001;1030889;P.S.O.E.                                               ;00000007;00318;000000;       ;                                                       ;00000000;00000;000000;       ;                                                       ;00000000;00000;000000;       ;                                                       ;00000000;00000;000000;       ;                                                       ;00000000;00000;000000;       ;                                                       ;00000000;00000;000000;       ;                                                       ;00000000;00000;000000;       ;                                                       ;00000000;00000;000000;       ;                                                       ;00000000;00000;000000;       ;                                                       ;00000000;00000;000000;       ;                                                       ;00000000;00000;000000;       ;                                                       ;00000000;00000;000000;       ;                                                       ;00000000;00000;000000;       ;                                                       ;00000000;00000;000000;       ;                                                       ;00000000;00000;000000;       ;                                                       ;00000000;00000;000000;       ;                                                       ;00000000;00000;000000;       ;                                                       ;00000000;00000;000000;       ;                                                       ;00000000;00000;000000;       ;                                                       ;00000000;00000;000000;       ;                                                       ;00000000;00000;000000;       ;                                                       ;00000000;00000;000000;       ;                                                       ;00000000;00000;000000;       ;                                                       ;00000000;00000;000000;       ;                                                       ;00000000;00000;000000;       ;                                                       ;00000000;00000;000000;       ;                                                       ;00000000;00000;000000;       ;                                                       ;00000000;00000;000000;       ;                                                       ;00000000;00000;000000;       ;                                                       ;00000000;00000;000000;       ;                                                       ;00000000;00000;000000;       ;                                                       ;00000000;00000;000000;       ;                                                       ;00000000;00000;000000;       ;                                                       ;00000000;00000;000000;       ;                                                       ;00000000;00000;000000;       ;                                                       ;00000000;00000;000000;       ;                                                       ;00000000;00000;000000;       ;                                                       ;00000000;00000;000000;       ;                                                       ;00000000;00000;000000;       ;                                                       ;00000000;00000;000000;       ;                                                       ;00000000;00000;000000;       ;                                                       ;00000000;00000;000000;       ;                                                       ;00000000;00000;000000;       ;                                                       ;00000000;00000;000000;       ;                                                       ;00000000;00000;000000;       ;                                                       ;00000000;00000;000000;       ;                                                       ;00000000;00000;000000
08;05;9;210;99;San Juan de la Encinilla                          ;99;99;00001;00000082;00000082;10000;00000063;07683;00000019;02317;00000001;00169;00000004;00635;000003;1022852;XAV                                                    ;00000053;08983;000003;1003441;PP                                                     ;00000002;00339;000000;1030889;P.S.O.E.                                               ;00000000;00000;000000;       ;                                                       ;00000000;00000;000000;       ;                                                       ;00000000;00000;000000;       ;                                                       ;00000000;00000;000000;       ;                                                       ;00000000;00000;000000;       ;                                                       ;00000000;00000;000000;       ;                                                       ;00000000;00000;000000;       ;                                                       ;00000000;00000;000000;       ;                                                       ;00000000;00000;000000;       ;                                                       ;00000000;00000;000000;       ;                                                       ;00000000;00000;000000;       ;                                                       ;00000000;00000;000000;       ;                                                       ;00000000;00000;000000;       ;                                                       ;00000000;00000;000000;       ;                                                       ;00000000;00000;000000;       ;                                                       ;00000000;00000;000000;       ;                                                       ;00000000;00000;000000;       ;                                                       ;00000000;00000;000000;       ;                                                       ;00000000;00000;000000;       ;                                                       ;00000000;00000;000000;       ;                                                       ;00000000;00000;000000;       ;                                                       ;00000000;00000;000000;       ;                                                       ;00000000;00000;000000;       ;                                                       ;00000000;00000;000000;       ;                                                       ;00000000;00000;000000;       ;                                                       ;00000000;00000;000000;       ;                                                       ;00000000;00000;000000;       ;                                                       ;00000000;00000;000000;       ;                                                       ;00000000;00000;000000;       ;                                                       ;00000000;00000;000000;       ;                                                       ;00000000;00000;000000;       ;                                                       ;00000000;00000;000000;       ;                                                       ;00000000;00000;000000;       ;                                                       ;00000000;00000;000000;       ;                                                       ;00000000;00000;000000;       ;                                                       ;00000000;00000;000000;       ;                                                       ;00000000;00000;000000;       ;                                                       ;00000000;00000;000000;       ;                                                       ;00000000;00000;000000;       ;                                                       ;00000000;00000;000000;       ;                                                       ;00000000;00000;000000;       ;                                                       ;00000000;00000;000000;       ;                                                       ;00000000;00000;000000;       ;                                                       ;00000000;00000;000000;       ;                                                       ;00000000;00000;000000;       ;                                                       ;00000000;00000;000000;       ;                                                       ;00000000;00000;000000;       ;                                                       ;00000000;00000;000000
08;05;9;211;99;San Juan de la Nava                               ;99;99;00001;00000433;00000433;10000;00000395;09122;00000038;00878;00000005;00133;00000018;00456;000007;1003441;PP                                                     ;00000231;06127;000004;1030889;P.S.O.E.                                               ;00000141;03740;000003;       ;                                                       ;00000000;00000;000000;       ;                                                       ;00000000;00000;000000;       ;                                                       ;00000000;00000;000000;       ;                                                       ;00000000;00000;000000;       ;                                                       ;00000000;00000;000000;       ;                                                       ;00000000;00000;000000;       ;                                                       ;00000000;00000;000000;       ;                                                       ;00000000;00000;000000;       ;                                                       ;00000000;00000;000000;       ;                                                       ;00000000;00000;000000;       ;                                                       ;00000000;00000;000000;       ;                                                       ;00000000;00000;000000;       ;                                                       ;00000000;00000;000000;       ;                                                       ;00000000;00000;000000;       ;                                                       ;00000000;00000;000000;       ;                                                       ;00000000;00000;000000;       ;                                                       ;00000000;00000;000000;       ;                                                       ;00000000;00000;000000;       ;                                                       ;00000000;00000;000000;       ;                                                       ;00000000;00000;000000;       ;                                                       ;00000000;00000;000000;       ;                                                       ;00000000;00000;000000;       ;                                                       ;00000000;00000;000000;       ;                                                       ;00000000;00000;000000;       ;                                                       ;00000000;00000;000000;       ;                                                       ;00000000;00000;000000;       ;                                                       ;00000000;00000;000000;       ;                                                       ;00000000;00000;000000;       ;                                                       ;00000000;00000;000000;       ;                                                       ;00000000;00000;000000;       ;                                                       ;00000000;00000;000000;       ;                                                       ;00000000;00000;000000;       ;                                                       ;00000000;00000;000000;       ;                                                       ;00000000;00000;000000;       ;                                                       ;00000000;00000;000000;       ;                                                       ;00000000;00000;000000;       ;                                                       ;00000000;00000;000000;       ;                                                       ;00000000;00000;000000;       ;                                                       ;00000000;00000;000000;       ;                                                       ;00000000;00000;000000;       ;                                                       ;00000000;00000;000000;       ;                                                       ;00000000;00000;000000;       ;                                                       ;00000000;00000;000000;       ;                                                       ;00000000;00000;000000;       ;                                                       ;00000000;00000;000000;       ;                                                       ;00000000;00000;000000;       ;                                                       ;00000000;00000;000000;       ;                                                       ;00000000;00000;000000
08;05;9;212;99;San Juan del Molinillo                            ;99;99;00001;00000196;00000196;10000;00000173;08827;00000023;01173;00000003;00176;00000003;00173;000005;1030889;P.S.O.E.                                               ;00000078;04588;000003;1003441;PP                                                     ;00000084;04941;000002;       ;                                                       ;00000000;00000;000000;       ;                                                       ;00000000;00000;000000;       ;                                                       ;00000000;00000;000000;       ;                                                       ;00000000;00000;000000;       ;                                                       ;00000000;00000;000000;       ;                                                       ;00000000;00000;000000;       ;                                                       ;00000000;00000;000000;       ;                                                       ;00000000;00000;000000;       ;                                                       ;00000000;00000;000000;       ;                                                       ;00000000;00000;000000;       ;                                                       ;00000000;00000;000000;       ;                                                       ;00000000;00000;000000;       ;                                                       ;00000000;00000;000000;       ;                                                       ;00000000;00000;000000;       ;                                                       ;00000000;00000;000000;       ;                                                       ;00000000;00000;000000;       ;                                                       ;00000000;00000;000000;       ;                                                       ;00000000;00000;000000;       ;                                                       ;00000000;00000;000000;       ;                                                       ;00000000;00000;000000;       ;                                                       ;00000000;00000;000000;       ;                                                       ;00000000;00000;000000;       ;                                                       ;00000000;00000;000000;       ;                                                       ;00000000;00000;000000;       ;                                                       ;00000000;00000;000000;       ;                                                       ;00000000;00000;000000;       ;                                                       ;00000000;00000;000000;       ;                                                       ;00000000;00000;000000;       ;                                                       ;00000000;00000;000000;       ;                                                       ;00000000;00000;000000;       ;                                                       ;00000000;00000;000000;       ;                                                       ;00000000;00000;000000;       ;                                                       ;00000000;00000;000000;       ;                                                       ;00000000;00000;000000;       ;                                                       ;00000000;00000;000000;       ;                                                       ;00000000;00000;000000;       ;                                                       ;00000000;00000;000000;       ;                                                       ;00000000;00000;000000;       ;                                                       ;00000000;00000;000000;       ;                                                       ;00000000;00000;000000;       ;                                                       ;00000000;00000;000000;       ;                                                       ;00000000;00000;000000;       ;                                                       ;00000000;00000;000000;       ;                                                       ;00000000;00000;000000;       ;                                                       ;00000000;00000;000000;       ;                                                       ;00000000;00000;000000;       ;                                                       ;00000000;00000;000000;       ;                                                       ;00000000;00000;000000
08;05;9;213;99;San Juan del Olmo                                 ;99;99;00001;00000096;00000096;10000;00000078;08125;00000018;01875;00000004;00541;00000004;00513;000005;1003441;PP                                                     ;00000039;05270;000003;1030889;P.S.O.E.                                               ;00000028;03784;000002;1022852;XAV                                                    ;00000011;01486;000000;1022293;IZQUIERDA UNIDA-EQUO                                   ;00000003;00405;000000;       ;                                                       ;00000000;00000;000000;       ;                                                       ;00000000;00000;000000;       ;                                                       ;00000000;00000;000000;       ;                                                       ;00000000;00000;000000;       ;                                                       ;00000000;00000;000000;       ;                                                       ;00000000;00000;000000;       ;                                                       ;00000000;00000;000000;       ;                                                       ;00000000;00000;000000;       ;                                                       ;00000000;00000;000000;       ;                                                       ;00000000;00000;000000;       ;                                                       ;00000000;00000;000000;       ;                                                       ;00000000;00000;000000;       ;                                                       ;00000000;00000;000000;       ;                                                       ;00000000;00000;000000;       ;                                                       ;00000000;00000;000000;       ;                                                       ;00000000;00000;000000;       ;                                                       ;00000000;00000;000000;       ;                                                       ;00000000;00000;000000;       ;                                                       ;00000000;00000;000000;       ;                                                       ;00000000;00000;000000;       ;                                                       ;00000000;00000;000000;       ;                                                       ;00000000;00000;000000;       ;                                                       ;00000000;00000;000000;       ;                                                       ;00000000;00000;000000;       ;                                                       ;00000000;00000;000000;       ;                                                       ;00000000;00000;000000;       ;                                                       ;00000000;00000;000000;       ;                                                       ;00000000;00000;000000;       ;                                                       ;00000000;00000;000000;       ;                                                       ;00000000;00000;000000;       ;                                                       ;00000000;00000;000000;       ;                                                       ;00000000;00000;000000;       ;                                                       ;00000000;00000;000000;       ;                                                       ;00000000;00000;000000;       ;                                                       ;00000000;00000;000000;       ;                                                       ;00000000;00000;000000;       ;                                                       ;00000000;00000;000000;       ;                                                       ;00000000;00000;000000;       ;                                                       ;00000000;00000;000000;       ;                                                       ;00000000;00000;000000;       ;                                                       ;00000000;00000;000000;       ;                                                       ;00000000;00000;000000;       ;                                                       ;00000000;00000;000000;       ;                                                       ;00000000;00000;000000;       ;                                                       ;00000000;00000;000000;       ;                                                       ;00000000;00000;000000
08;05;9;214;99;San Lorenzo de Tormes                             ;99;99;00001;00000028;00000028;10000;00000023;08214;00000005;01786;00000001;00435;00000000;00000;000003;1003441;PP                                                     ;00000015;06522;000002;9689014;Cs                                                     ;00000006;02609;000001;1030889;P.S.O.E.                                               ;00000000;00000;000000;       ;                                                       ;00000000;00000;000000;       ;                                                       ;00000000;00000;000000;       ;                                                       ;00000000;00000;000000;       ;                                                       ;00000000;00000;000000;       ;                                                       ;00000000;00000;000000;       ;                                                       ;00000000;00000;000000;       ;                                                       ;00000000;00000;000000;       ;                                                       ;00000000;00000;000000;       ;                                                       ;00000000;00000;000000;       ;                                                       ;00000000;00000;000000;       ;                                                       ;00000000;00000;000000;       ;                                                       ;00000000;00000;000000;       ;                                                       ;00000000;00000;000000;       ;                                                       ;00000000;00000;000000;       ;                                                       ;00000000;00000;000000;       ;                                                       ;00000000;00000;000000;       ;                                                       ;00000000;00000;000000;       ;                                                       ;00000000;00000;000000;       ;                                                       ;00000000;00000;000000;       ;                                                       ;00000000;00000;000000;       ;                                                       ;00000000;00000;000000;       ;                                                       ;00000000;00000;000000;       ;                                                       ;00000000;00000;000000;       ;                                                       ;00000000;00000;000000;       ;                                                       ;00000000;00000;000000;       ;                                                       ;00000000;00000;000000;       ;                                                       ;00000000;00000;000000;       ;                                                       ;00000000;00000;000000;       ;                                                       ;00000000;00000;000000;       ;                                                       ;00000000;00000;000000;       ;                                                       ;00000000;00000;000000;       ;                                                       ;00000000;00000;000000;       ;                                                       ;00000000;00000;000000;       ;                                                       ;00000000;00000;000000;       ;                                                       ;00000000;00000;000000;       ;                                                       ;00000000;00000;000000;       ;                                                       ;00000000;00000;000000;       ;                                                       ;00000000;00000;000000;       ;                                                       ;00000000;00000;000000;       ;                                                       ;00000000;00000;000000;       ;                                                       ;00000000;00000;000000;       ;                                                       ;00000000;00000;000000;       ;                                                       ;00000000;00000;000000;       ;                                                       ;00000000;00000;000000;       ;                                                       ;00000000;00000;000000;       ;                                                       ;00000000;00000;000000;       ;                                                       ;00000000;00000;000000
08;05;9;215;99;San Martín de la Vega del Alberche                ;99;99;00001;00000155;00000155;10000;00000155;10000;00000000;00000;00000005;00347;00000011;00710;000005;1003441;PP                                                     ;00000081;05625;000005;1030889;P.S.O.E.                                               ;00000020;01389;000000;       ;                                                       ;00000000;00000;000000;       ;                                                       ;00000000;00000;000000;       ;                                                       ;00000000;00000;000000;       ;                                                       ;00000000;00000;000000;       ;                                                       ;00000000;00000;000000;       ;                                                       ;00000000;00000;000000;       ;                                                       ;00000000;00000;000000;       ;                                                       ;00000000;00000;000000;       ;                                                       ;00000000;00000;000000;       ;                                                       ;00000000;00000;000000;       ;                                                       ;00000000;00000;000000;       ;                                                       ;00000000;00000;000000;       ;                                                       ;00000000;00000;000000;       ;                                                       ;00000000;00000;000000;       ;                                                       ;00000000;00000;000000;       ;                                                       ;00000000;00000;000000;       ;                                                       ;00000000;00000;000000;       ;                                                       ;00000000;00000;000000;       ;                                                       ;00000000;00000;000000;       ;                                                       ;00000000;00000;000000;       ;                                                       ;00000000;00000;000000;       ;                                                       ;00000000;00000;000000;       ;                                                       ;00000000;00000;000000;       ;                                                       ;00000000;00000;000000;       ;                                                       ;00000000;00000;000000;       ;                                                       ;00000000;00000;000000;       ;                                                       ;00000000;00000;000000;       ;                                                       ;00000000;00000;000000;       ;                                                       ;00000000;00000;000000;       ;                                                       ;00000000;00000;000000;       ;                                                       ;00000000;00000;000000;       ;                                                       ;00000000;00000;000000;       ;                                                       ;00000000;00000;000000;       ;                                                       ;00000000;00000;000000;       ;                                                       ;00000000;00000;000000;       ;                                                       ;00000000;00000;000000;       ;                                                       ;00000000;00000;000000;       ;                                                       ;00000000;00000;000000;       ;                                                       ;00000000;00000;000000;       ;                                                       ;00000000;00000;000000;       ;                                                       ;00000000;00000;000000;       ;                                                       ;00000000;00000;000000;       ;                                                       ;00000000;00000;000000;       ;                                                       ;00000000;00000;000000;       ;                                                       ;00000000;00000;000000;       ;                                                       ;00000000;00000;000000;       ;                                                       ;00000000;00000;000000;       ;                                                       ;00000000;00000;000000
08;05;9;216;99;San Martín del Pimpollar                          ;99;99;00001;00000214;00000214;10000;00000175;08178;00000039;01822;00000005;00294;00000005;00286;000005;1003441;PP                                                     ;00000091;05353;000004;1030889;P.S.O.E.                                               ;00000072;04235;000001;       ;                                                       ;00000000;00000;000000;       ;                                                       ;00000000;00000;000000;       ;                                                       ;00000000;00000;000000;       ;                                                       ;00000000;00000;000000;       ;                                                       ;00000000;00000;000000;       ;                                                       ;00000000;00000;000000;       ;                                                       ;00000000;00000;000000;       ;                                                       ;00000000;00000;000000;       ;                                                       ;00000000;00000;000000;       ;                                                       ;00000000;00000;000000;       ;                                                       ;00000000;00000;000000;       ;                                                       ;00000000;00000;000000;       ;                                                       ;00000000;00000;000000;       ;                                                       ;00000000;00000;000000;       ;                                                       ;00000000;00000;000000;       ;                                                       ;00000000;00000;000000;       ;                                                       ;00000000;00000;000000;       ;                                                       ;00000000;00000;000000;       ;                                                       ;00000000;00000;000000;       ;                                                       ;00000000;00000;000000;       ;                                                       ;00000000;00000;000000;       ;                                                       ;00000000;00000;000000;       ;                                                       ;00000000;00000;000000;       ;                                                       ;00000000;00000;000000;       ;                                                       ;00000000;00000;000000;       ;                                                       ;00000000;00000;000000;       ;                                                       ;00000000;00000;000000;       ;                                                       ;00000000;00000;000000;       ;                                                       ;00000000;00000;000000;       ;                                                       ;00000000;00000;000000;       ;                                                       ;00000000;00000;000000;       ;                                                       ;00000000;00000;000000;       ;                                                       ;00000000;00000;000000;       ;                                                       ;00000000;00000;000000;       ;                                                       ;00000000;00000;000000;       ;                                                       ;00000000;00000;000000;       ;                                                       ;00000000;00000;000000;       ;                                                       ;00000000;00000;000000;       ;                                                       ;00000000;00000;000000;       ;                                                       ;00000000;00000;000000;       ;                                                       ;00000000;00000;000000;       ;                                                       ;00000000;00000;000000;       ;                                                       ;00000000;00000;000000;       ;                                                       ;00000000;00000;000000;       ;                                                       ;00000000;00000;000000;       ;                                                       ;00000000;00000;000000;       ;                                                       ;00000000;00000;000000;       ;                                                       ;00000000;00000;000000
08;05;9;217;99;San Miguel de Corneja                             ;99;99;00001;00000055;00000055;10000;00000048;08727;00000007;01273;00000000;00000;00000000;00000;000003;1003441;PP                                                     ;00000035;07292;000002;1030889;P.S.O.E.                                               ;00000014;02917;000001;1015975;IU-EQUO                                                ;00000005;01042;000000;       ;                                                       ;00000000;00000;000000;       ;                                                       ;00000000;00000;000000;       ;                                                       ;00000000;00000;000000;       ;                                                       ;00000000;00000;000000;       ;                                                       ;00000000;00000;000000;       ;                                                       ;00000000;00000;000000;       ;                                                       ;00000000;00000;000000;       ;                                                       ;00000000;00000;000000;       ;                                                       ;00000000;00000;000000;       ;                                                       ;00000000;00000;000000;       ;                                                       ;00000000;00000;000000;       ;                                                       ;00000000;00000;000000;       ;                                                       ;00000000;00000;000000;       ;                                                       ;00000000;00000;000000;       ;                                                       ;00000000;00000;000000;       ;                                                       ;00000000;00000;000000;       ;                                                       ;00000000;00000;000000;       ;                                                       ;00000000;00000;000000;       ;                                                       ;00000000;00000;000000;       ;                                                       ;00000000;00000;000000;       ;                                                       ;00000000;00000;000000;       ;                                                       ;00000000;00000;000000;       ;                                                       ;00000000;00000;000000;       ;                                                       ;00000000;00000;000000;       ;                                                       ;00000000;00000;000000;       ;                                                       ;00000000;00000;000000;       ;                                                       ;00000000;00000;000000;       ;                                                       ;00000000;00000;000000;       ;                                                       ;00000000;00000;000000;       ;                                                       ;00000000;00000;000000;       ;                                                       ;00000000;00000;000000;       ;                                                       ;00000000;00000;000000;       ;                                                       ;00000000;00000;000000;       ;                                                       ;00000000;00000;000000;       ;                                                       ;00000000;00000;000000;       ;                                                       ;00000000;00000;000000;       ;                                                       ;00000000;00000;000000;       ;                                                       ;00000000;00000;000000;       ;                                                       ;00000000;00000;000000;       ;                                                       ;00000000;00000;000000;       ;                                                       ;00000000;00000;000000;       ;                                                       ;00000000;00000;000000;       ;                                                       ;00000000;00000;000000;       ;                                                       ;00000000;00000;000000;       ;                                                       ;00000000;00000;000000;       ;                                                       ;00000000;00000;000000;       ;                                                       ;00000000;00000;000000
08;05;9;218;99;San Miguel de Serrezuela                          ;99;99;00001;00000107;00000107;10000;00000093;08692;00000014;01308;00000000;00000;00000001;00108;000005;1003441;PP                                                     ;00000056;06087;000004;1015975;IU-EQUO                                                ;00000021;02283;000001;1030889;P.S.O.E.                                               ;00000022;02391;000000;       ;                                                       ;00000000;00000;000000;       ;                                                       ;00000000;00000;000000;       ;                                                       ;00000000;00000;000000;       ;                                                       ;00000000;00000;000000;       ;                                                       ;00000000;00000;000000;       ;                                                       ;00000000;00000;000000;       ;                                                       ;00000000;00000;000000;       ;                                                       ;00000000;00000;000000;       ;                                                       ;00000000;00000;000000;       ;                                                       ;00000000;00000;000000;       ;                                                       ;00000000;00000;000000;       ;                                                       ;00000000;00000;000000;       ;                                                       ;00000000;00000;000000;       ;                                                       ;00000000;00000;000000;       ;                                                       ;00000000;00000;000000;       ;                                                       ;00000000;00000;000000;       ;                                                       ;00000000;00000;000000;       ;                                                       ;00000000;00000;000000;       ;                                                       ;00000000;00000;000000;       ;                                                       ;00000000;00000;000000;       ;                                                       ;00000000;00000;000000;       ;                                                       ;00000000;00000;000000;       ;                                                       ;00000000;00000;000000;       ;                                                       ;00000000;00000;000000;       ;                                                       ;00000000;00000;000000;       ;                                                       ;00000000;00000;000000;       ;                                                       ;00000000;00000;000000;       ;                                                       ;00000000;00000;000000;       ;                                                       ;00000000;00000;000000;       ;                                                       ;00000000;00000;000000;       ;                                                       ;00000000;00000;000000;       ;                                                       ;00000000;00000;000000;       ;                                                       ;00000000;00000;000000;       ;                                                       ;00000000;00000;000000;       ;                                                       ;00000000;00000;000000;       ;                                                       ;00000000;00000;000000;       ;                                                       ;00000000;00000;000000;       ;                                                       ;00000000;00000;000000;       ;                                                       ;00000000;00000;000000;       ;                                                       ;00000000;00000;000000;       ;                                                       ;00000000;00000;000000;       ;                                                       ;00000000;00000;000000;       ;                                                       ;00000000;00000;000000;       ;                                                       ;00000000;00000;000000;       ;                                                       ;00000000;00000;000000;       ;                                                       ;00000000;00000;000000;       ;                                                       ;00000000;00000;000000
08;05;9;219;99;San Pascual                                       ;99;99;00001;00000036;00000036;10000;00000032;08889;00000004;01111;00000000;00000;00000000;00000;000003;1030889;P.S.O.E.                                               ;00000018;05625;000002;1003441;PP                                                     ;00000014;04375;000001;       ;                                                       ;00000000;00000;000000;       ;                                                       ;00000000;00000;000000;       ;                                                       ;00000000;00000;000000;       ;                                                       ;00000000;00000;000000;       ;                                                       ;00000000;00000;000000;       ;                                                       ;00000000;00000;000000;       ;                                                       ;00000000;00000;000000;       ;                                                       ;00000000;00000;000000;       ;                                                       ;00000000;00000;000000;       ;                                                       ;00000000;00000;000000;       ;                                                       ;00000000;00000;000000;       ;                                                       ;00000000;00000;000000;       ;                                                       ;00000000;00000;000000;       ;                                                       ;00000000;00000;000000;       ;                                                       ;00000000;00000;000000;       ;                                                       ;00000000;00000;000000;       ;                                                       ;00000000;00000;000000;       ;                                                       ;00000000;00000;000000;       ;                                                       ;00000000;00000;000000;       ;                                                       ;00000000;00000;000000;       ;                                                       ;00000000;00000;000000;       ;                                                       ;00000000;00000;000000;       ;                                                       ;00000000;00000;000000;       ;                                                       ;00000000;00000;000000;       ;                                                       ;00000000;00000;000000;       ;                                                       ;00000000;00000;000000;       ;                                                       ;00000000;00000;000000;       ;                                                       ;00000000;00000;000000;       ;                                                       ;00000000;00000;000000;       ;                                                       ;00000000;00000;000000;       ;                                                       ;00000000;00000;000000;       ;                                                       ;00000000;00000;000000;       ;                                                       ;00000000;00000;000000;       ;                                                       ;00000000;00000;000000;       ;                                                       ;00000000;00000;000000;       ;                                                       ;00000000;00000;000000;       ;                                                       ;00000000;00000;000000;       ;                                                       ;00000000;00000;000000;       ;                                                       ;00000000;00000;000000;       ;                                                       ;00000000;00000;000000;       ;                                                       ;00000000;00000;000000;       ;                                                       ;00000000;00000;000000;       ;                                                       ;00000000;00000;000000;       ;                                                       ;00000000;00000;000000;       ;                                                       ;00000000;00000;000000;       ;                                                       ;00000000;00000;000000;       ;                                                       ;00000000;00000;000000;       ;                                                       ;00000000;00000;000000
08;05;9;220;99;San Pedro del Arroyo                              ;99;99;00001;00000369;00000369;10000;00000344;09322;00000025;00678;00000005;00146;00000002;00058;000007;1003441;PP                                                     ;00000192;05614;000004;1030889;P.S.O.E.                                               ;00000145;04240;000003;       ;                                                       ;00000000;00000;000000;       ;                                                       ;00000000;00000;000000;       ;                                                       ;00000000;00000;000000;       ;                                                       ;00000000;00000;000000;       ;                                                       ;00000000;00000;000000;       ;                                                       ;00000000;00000;000000;       ;                                                       ;00000000;00000;000000;       ;                                                       ;00000000;00000;000000;       ;                                                       ;00000000;00000;000000;       ;                                                       ;00000000;00000;000000;       ;                                                       ;00000000;00000;000000;       ;                                                       ;00000000;00000;000000;       ;                                                       ;00000000;00000;000000;       ;                                                       ;00000000;00000;000000;       ;                                                       ;00000000;00000;000000;       ;                                                       ;00000000;00000;000000;       ;                                                       ;00000000;00000;000000;       ;                                                       ;00000000;00000;000000;       ;                                                       ;00000000;00000;000000;       ;                                                       ;00000000;00000;000000;       ;                                                       ;00000000;00000;000000;       ;                                                       ;00000000;00000;000000;       ;                                                       ;00000000;00000;000000;       ;                                                       ;00000000;00000;000000;       ;                                                       ;00000000;00000;000000;       ;                                                       ;00000000;00000;000000;       ;                                                       ;00000000;00000;000000;       ;                                                       ;00000000;00000;000000;       ;                                                       ;00000000;00000;000000;       ;                                                       ;00000000;00000;000000;       ;                                                       ;00000000;00000;000000;       ;                                                       ;00000000;00000;000000;       ;                                                       ;00000000;00000;000000;       ;                                                       ;00000000;00000;000000;       ;                                                       ;00000000;00000;000000;       ;                                                       ;00000000;00000;000000;       ;                                                       ;00000000;00000;000000;       ;                                                       ;00000000;00000;000000;       ;                                                       ;00000000;00000;000000;       ;                                                       ;00000000;00000;000000;       ;                                                       ;00000000;00000;000000;       ;                                                       ;00000000;00000;000000;       ;                                                       ;00000000;00000;000000;       ;                                                       ;00000000;00000;000000;       ;                                                       ;00000000;00000;000000;       ;                                                       ;00000000;00000;000000;       ;                                                       ;00000000;00000;000000;       ;                                                       ;00000000;00000;000000
08;05;9;231;99;San Vicente de Arévalo                            ;99;99;00001;00000152;00000152;10000;00000129;08487;00000023;01513;00000005;00403;00000005;00388;000005;1003441;PP                                                     ;00000057;04597;000003;1030889;P.S.O.E.                                               ;00000056;04516;000002;       ;                                                       ;00000000;00000;000000;       ;                                                       ;00000000;00000;000000;       ;                                                       ;00000000;00000;000000;       ;                                                       ;00000000;00000;000000;       ;                                                       ;00000000;00000;000000;       ;                                                       ;00000000;00000;000000;       ;                                                       ;00000000;00000;000000;       ;                                                       ;00000000;00000;000000;       ;                                                       ;00000000;00000;000000;       ;                                                       ;00000000;00000;000000;       ;                                                       ;00000000;00000;000000;       ;                                                       ;00000000;00000;000000;       ;                                                       ;00000000;00000;000000;       ;                                                       ;00000000;00000;000000;       ;                                                       ;00000000;00000;000000;       ;                                                       ;00000000;00000;000000;       ;                                                       ;00000000;00000;000000;       ;                                                       ;00000000;00000;000000;       ;                                                       ;00000000;00000;000000;       ;                                                       ;00000000;00000;000000;       ;                                                       ;00000000;00000;000000;       ;                                                       ;00000000;00000;000000;       ;                                                       ;00000000;00000;000000;       ;                                                       ;00000000;00000;000000;       ;                                                       ;00000000;00000;000000;       ;                                                       ;00000000;00000;000000;       ;                                                       ;00000000;00000;000000;       ;                                                       ;00000000;00000;000000;       ;                                                       ;00000000;00000;000000;       ;                                                       ;00000000;00000;000000;       ;                                                       ;00000000;00000;000000;       ;                                                       ;00000000;00000;000000;       ;                                                       ;00000000;00000;000000;       ;                                                       ;00000000;00000;000000;       ;                                                       ;00000000;00000;000000;       ;                                                       ;00000000;00000;000000;       ;                                                       ;00000000;00000;000000;       ;                                                       ;00000000;00000;000000;       ;                                                       ;00000000;00000;000000;       ;                                                       ;00000000;00000;000000;       ;                                                       ;00000000;00000;000000;       ;                                                       ;00000000;00000;000000;       ;                                                       ;00000000;00000;000000;       ;                                                       ;00000000;00000;000000;       ;                                                       ;00000000;00000;000000;       ;                                                       ;00000000;00000;000000;       ;                                                       ;00000000;00000;000000;       ;                                                       ;00000000;00000;000000
08;05;9;204;99;Sanchidrián                                       ;99;99;00001;00000593;00000593;10000;00000491;08280;00000102;01720;00000009;00184;00000003;00061;000007;1003441;PP                                                     ;00000270;05533;000004;1030889;P.S.O.E.                                               ;00000195;03996;000003;1014707;IZQUIERDA UNIDA- EQUO                                  ;00000014;00287;000000;       ;                                                       ;00000000;00000;000000;       ;                                                       ;00000000;00000;000000;       ;                                                       ;00000000;00000;000000;       ;                                                       ;00000000;00000;000000;       ;                                                       ;00000000;00000;000000;       ;                                                       ;00000000;00000;000000;       ;                                                       ;00000000;00000;000000;       ;                                                       ;00000000;00000;000000;       ;                                                       ;00000000;00000;000000;       ;                                                       ;00000000;00000;000000;       ;                                                       ;00000000;00000;000000;       ;                                                       ;00000000;00000;000000;       ;                                                       ;00000000;00000;000000;       ;                                                       ;00000000;00000;000000;       ;                                                       ;00000000;00000;000000;       ;                                                       ;00000000;00000;000000;       ;                                                       ;00000000;00000;000000;       ;                                                       ;00000000;00000;000000;       ;                                                       ;00000000;00000;000000;       ;                                                       ;00000000;00000;000000;       ;                                                       ;00000000;00000;000000;       ;                                                       ;00000000;00000;000000;       ;                                                       ;00000000;00000;000000;       ;                                                       ;00000000;00000;000000;       ;                                                       ;00000000;00000;000000;       ;                                                       ;00000000;00000;000000;       ;                                                       ;00000000;00000;000000;       ;                                                       ;00000000;00000;000000;       ;                                                       ;00000000;00000;000000;       ;                                                       ;00000000;00000;000000;       ;                                                       ;00000000;00000;000000;       ;                                                       ;00000000;00000;000000;       ;                                                       ;00000000;00000;000000;       ;                                                       ;00000000;00000;000000;       ;                                                       ;00000000;00000;000000;       ;                                                       ;00000000;00000;000000;       ;                                                       ;00000000;00000;000000;       ;                                                       ;00000000;00000;000000;       ;                                                       ;00000000;00000;000000;       ;                                                       ;00000000;00000;000000;       ;                                                       ;00000000;00000;000000;       ;                                                       ;00000000;00000;000000;       ;                                                       ;00000000;00000;000000;       ;                                                       ;00000000;00000;000000;       ;                                                       ;00000000;00000;000000;       ;                                                       ;00000000;00000;000000;       ;                                                       ;00000000;00000;000000
08;05;9;205;99;Sanchorreja                                       ;99;99;00001;00000080;00000080;10000;00000062;07750;00000018;02250;00000001;00167;00000002;00323;000003;1022852;XAV                                                    ;00000032;05333;000002;1003441;PP                                                     ;00000013;02167;000001;1030889;P.S.O.E.                                               ;00000018;03000;000000;       ;                                                       ;00000000;00000;000000;       ;                                                       ;00000000;00000;000000;       ;                                                       ;00000000;00000;000000;       ;                                                       ;00000000;00000;000000;       ;                                                       ;00000000;00000;000000;       ;                                                       ;00000000;00000;000000;       ;                                                       ;00000000;00000;000000;       ;                                                       ;00000000;00000;000000;       ;                                                       ;00000000;00000;000000;       ;                                                       ;00000000;00000;000000;       ;                                                       ;00000000;00000;000000;       ;                                                       ;00000000;00000;000000;       ;                                                       ;00000000;00000;000000;       ;                                                       ;00000000;00000;000000;       ;                                                       ;00000000;00000;000000;       ;                                                       ;00000000;00000;000000;       ;                                                       ;00000000;00000;000000;       ;                                                       ;00000000;00000;000000;       ;                                                       ;00000000;00000;000000;       ;                                                       ;00000000;00000;000000;       ;                                                       ;00000000;00000;000000;       ;                                                       ;00000000;00000;000000;       ;                                                       ;00000000;00000;000000;       ;                                                       ;00000000;00000;000000;       ;                                                       ;00000000;00000;000000;       ;                                                       ;00000000;00000;000000;       ;                                                       ;00000000;00000;000000;       ;                                                       ;00000000;00000;000000;       ;                                                       ;00000000;00000;000000;       ;                                                       ;00000000;00000;000000;       ;                                                       ;00000000;00000;000000;       ;                                                       ;00000000;00000;000000;       ;                                                       ;00000000;00000;000000;       ;                                                       ;00000000;00000;000000;       ;                                                       ;00000000;00000;000000;       ;                                                       ;00000000;00000;000000;       ;                                                       ;00000000;00000;000000;       ;                                                       ;00000000;00000;000000;       ;                                                       ;00000000;00000;000000;       ;                                                       ;00000000;00000;000000;       ;                                                       ;00000000;00000;000000;       ;                                                       ;00000000;00000;000000;       ;                                                       ;00000000;00000;000000;       ;                                                       ;00000000;00000;000000;       ;                                                       ;00000000;00000;000000;       ;                                                       ;00000000;00000;000000;       ;                                                       ;00000000;00000;000000
08;05;9;222;99;Santa Cruz de Pinares                             ;99;99;00001;00000150;00000150;10000;00000130;08667;00000020;01333;00000001;00079;00000003;00231;000005;1003441;PP                                                     ;00000066;05197;000004;1030889;P.S.O.E.                                               ;00000048;03780;000001;1022852;XAV                                                    ;00000011;00866;000000;       ;                                                       ;00000000;00000;000000;       ;                                                       ;00000000;00000;000000;       ;                                                       ;00000000;00000;000000;       ;                                                       ;00000000;00000;000000;       ;                                                       ;00000000;00000;000000;       ;                                                       ;00000000;00000;000000;       ;                                                       ;00000000;00000;000000;       ;                                                       ;00000000;00000;000000;       ;                                                       ;00000000;00000;000000;       ;                                                       ;00000000;00000;000000;       ;                                                       ;00000000;00000;000000;       ;                                                       ;00000000;00000;000000;       ;                                                       ;00000000;00000;000000;       ;                                                       ;00000000;00000;000000;       ;                                                       ;00000000;00000;000000;       ;                                                       ;00000000;00000;000000;       ;                                                       ;00000000;00000;000000;       ;                                                       ;00000000;00000;000000;       ;                                                       ;00000000;00000;000000;       ;                                                       ;00000000;00000;000000;       ;                                                       ;00000000;00000;000000;       ;                                                       ;00000000;00000;000000;       ;                                                       ;00000000;00000;000000;       ;                                                       ;00000000;00000;000000;       ;                                                       ;00000000;00000;000000;       ;                                                       ;00000000;00000;000000;       ;                                                       ;00000000;00000;000000;       ;                                                       ;00000000;00000;000000;       ;                                                       ;00000000;00000;000000;       ;                                                       ;00000000;00000;000000;       ;                                                       ;00000000;00000;000000;       ;                                                       ;00000000;00000;000000;       ;                                                       ;00000000;00000;000000;       ;                                                       ;00000000;00000;000000;       ;                                                       ;00000000;00000;000000;       ;                                                       ;00000000;00000;000000;       ;                                                       ;00000000;00000;000000;       ;                                                       ;00000000;00000;000000;       ;                                                       ;00000000;00000;000000;       ;                                                       ;00000000;00000;000000;       ;                                                       ;00000000;00000;000000;       ;                                                       ;00000000;00000;000000;       ;                                                       ;00000000;00000;000000;       ;                                                       ;00000000;00000;000000;       ;                                                       ;00000000;00000;000000;       ;                                                       ;00000000;00000;000000;       ;                                                       ;00000000;00000;000000
08;05;9;221;99;Santa Cruz del Valle                              ;99;99;00001;00000325;00000325;10000;00000285;08769;00000040;01231;00000002;00074;00000013;00456;000007;1003019;UCIN                                                   ;00000249;09154;000007;1030889;P.S.O.E.                                               ;00000021;00772;000000;       ;                                                       ;00000000;00000;000000;       ;                                                       ;00000000;00000;000000;       ;                                                       ;00000000;00000;000000;       ;                                                       ;00000000;00000;000000;       ;                                                       ;00000000;00000;000000;       ;                                                       ;00000000;00000;000000;       ;                                                       ;00000000;00000;000000;       ;                                                       ;00000000;00000;000000;       ;                                                       ;00000000;00000;000000;       ;                                                       ;00000000;00000;000000;       ;                                                       ;00000000;00000;000000;       ;                                                       ;00000000;00000;000000;       ;                                                       ;00000000;00000;000000;       ;                                                       ;00000000;00000;000000;       ;                                                       ;00000000;00000;000000;       ;                                                       ;00000000;00000;000000;       ;                                                       ;00000000;00000;000000;       ;                                                       ;00000000;00000;000000;       ;                                                       ;00000000;00000;000000;       ;                                                       ;00000000;00000;000000;       ;                                                       ;00000000;00000;000000;       ;                                                       ;00000000;00000;000000;       ;                                                       ;00000000;00000;000000;       ;                                                       ;00000000;00000;000000;       ;                                                       ;00000000;00000;000000;       ;                                                       ;00000000;00000;000000;       ;                                                       ;00000000;00000;000000;       ;                                                       ;00000000;00000;000000;       ;                                                       ;00000000;00000;000000;       ;                                                       ;00000000;00000;000000;       ;                                                       ;00000000;00000;000000;       ;                                                       ;00000000;00000;000000;       ;                                                       ;00000000;00000;000000;       ;                                                       ;00000000;00000;000000;       ;                                                       ;00000000;00000;000000;       ;                                                       ;00000000;00000;000000;       ;                                                       ;00000000;00000;000000;       ;                                                       ;00000000;00000;000000;       ;                                                       ;00000000;00000;000000;       ;                                                       ;00000000;00000;000000;       ;                                                       ;00000000;00000;000000;       ;                                                       ;00000000;00000;000000;       ;                                                       ;00000000;00000;000000;       ;                                                       ;00000000;00000;000000;       ;                                                       ;00000000;00000;000000;       ;                                                       ;00000000;00000;000000;       ;                                                       ;00000000;00000;000000;       ;                                                       ;00000000;00000;000000
08;05;9;226;99;Santa María de los Caballeros                     ;99;99;00001;00000067;00000067;10000;00000051;07612;00000016;02388;00000002;00392;00000000;00000;000003;1003441;PP                                                     ;00000044;08627;000003;1030889;P.S.O.E.                                               ;00000001;00196;000000;       ;                                                       ;00000000;00000;000000;       ;                                                       ;00000000;00000;000000;       ;                                                       ;00000000;00000;000000;       ;                                                       ;00000000;00000;000000;       ;                                                       ;00000000;00000;000000;       ;                                                       ;00000000;00000;000000;       ;                                                       ;00000000;00000;000000;       ;                                                       ;00000000;00000;000000;       ;                                                       ;00000000;00000;000000;       ;                                                       ;00000000;00000;000000;       ;                                                       ;00000000;00000;000000;       ;                                                       ;00000000;00000;000000;       ;                                                       ;00000000;00000;000000;       ;                                                       ;00000000;00000;000000;       ;                                                       ;00000000;00000;000000;       ;                                                       ;00000000;00000;000000;       ;                                                       ;00000000;00000;000000;       ;                                                       ;00000000;00000;000000;       ;                                                       ;00000000;00000;000000;       ;                                                       ;00000000;00000;000000;       ;                                                       ;00000000;00000;000000;       ;                                                       ;00000000;00000;000000;       ;                                                       ;00000000;00000;000000;       ;                                                       ;00000000;00000;000000;       ;                                                       ;00000000;00000;000000;       ;                                                       ;00000000;00000;000000;       ;                                                       ;00000000;00000;000000;       ;                                                       ;00000000;00000;000000;       ;                                                       ;00000000;00000;000000;       ;                                                       ;00000000;00000;000000;       ;                                                       ;00000000;00000;000000;       ;                                                       ;00000000;00000;000000;       ;                                                       ;00000000;00000;000000;       ;                                                       ;00000000;00000;000000;       ;                                                       ;00000000;00000;000000;       ;                                                       ;00000000;00000;000000;       ;                                                       ;00000000;00000;000000;       ;                                                       ;00000000;00000;000000;       ;                                                       ;00000000;00000;000000;       ;                                                       ;00000000;00000;000000;       ;                                                       ;00000000;00000;000000;       ;                                                       ;00000000;00000;000000;       ;                                                       ;00000000;00000;000000;       ;                                                       ;00000000;00000;000000;       ;                                                       ;00000000;00000;000000;       ;                                                       ;00000000;00000;000000;       ;                                                       ;00000000;00000;000000;       ;                                                       ;00000000;00000;000000
08;05;9;224;99;Santa María del Arroyo                            ;99;99;00001;00000100;00000100;10000;00000093;09300;00000007;00700;00000001;00108;00000000;00000;000005;1003441;PP                                                     ;00000050;05376;000004;9689014;Cs                                                     ;00000034;03656;000001;1030889;P.S.O.E.                                               ;00000007;00753;000000;       ;                                                       ;00000000;00000;000000;       ;                                                       ;00000000;00000;000000;       ;                                                       ;00000000;00000;000000;       ;                                                       ;00000000;00000;000000;       ;                                                       ;00000000;00000;000000;       ;                                                       ;00000000;00000;000000;       ;                                                       ;00000000;00000;000000;       ;                                                       ;00000000;00000;000000;       ;                                                       ;00000000;00000;000000;       ;                                                       ;00000000;00000;000000;       ;                                                       ;00000000;00000;000000;       ;                                                       ;00000000;00000;000000;       ;                                                       ;00000000;00000;000000;       ;                                                       ;00000000;00000;000000;       ;                                                       ;00000000;00000;000000;       ;                                                       ;00000000;00000;000000;       ;                                                       ;00000000;00000;000000;       ;                                                       ;00000000;00000;000000;       ;                                                       ;00000000;00000;000000;       ;                                                       ;00000000;00000;000000;       ;                                                       ;00000000;00000;000000;       ;                                                       ;00000000;00000;000000;       ;                                                       ;00000000;00000;000000;       ;                                                       ;00000000;00000;000000;       ;                                                       ;00000000;00000;000000;       ;                                                       ;00000000;00000;000000;       ;                                                       ;00000000;00000;000000;       ;                                                       ;00000000;00000;000000;       ;                                                       ;00000000;00000;000000;       ;                                                       ;00000000;00000;000000;       ;                                                       ;00000000;00000;000000;       ;                                                       ;00000000;00000;000000;       ;                                                       ;00000000;00000;000000;       ;                                                       ;00000000;00000;000000;       ;                                                       ;00000000;00000;000000;       ;                                                       ;00000000;00000;000000;       ;                                                       ;00000000;00000;000000;       ;                                                       ;00000000;00000;000000;       ;                                                       ;00000000;00000;000000;       ;                                                       ;00000000;00000;000000;       ;                                                       ;00000000;00000;000000;       ;                                                       ;00000000;00000;000000;       ;                                                       ;00000000;00000;000000;       ;                                                       ;00000000;00000;000000;       ;                                                       ;00000000;00000;000000;       ;                                                       ;00000000;00000;000000;       ;                                                       ;00000000;00000;000000
08;05;9;225;99;Santa María del Berrocal                          ;99;99;00001;00000356;00000356;10000;00000294;08258;00000062;01742;00000009;00313;00000006;00204;000007;1003441;PP                                                     ;00000175;06076;000005;1030889;P.S.O.E.                                               ;00000104;03611;000002;       ;                                                       ;00000000;00000;000000;       ;                                                       ;00000000;00000;000000;       ;                                                       ;00000000;00000;000000;       ;                                                       ;00000000;00000;000000;       ;                                                       ;00000000;00000;000000;       ;                                                       ;00000000;00000;000000;       ;                                                       ;00000000;00000;000000;       ;                                                       ;00000000;00000;000000;       ;                                                       ;00000000;00000;000000;       ;                                                       ;00000000;00000;000000;       ;                                                       ;00000000;00000;000000;       ;                                                       ;00000000;00000;000000;       ;                                                       ;00000000;00000;000000;       ;                                                       ;00000000;00000;000000;       ;                                                       ;00000000;00000;000000;       ;                                                       ;00000000;00000;000000;       ;                                                       ;00000000;00000;000000;       ;                                                       ;00000000;00000;000000;       ;                                                       ;00000000;00000;000000;       ;                                                       ;00000000;00000;000000;       ;                                                       ;00000000;00000;000000;       ;                                                       ;00000000;00000;000000;       ;                                                       ;00000000;00000;000000;       ;                                                       ;00000000;00000;000000;       ;                                                       ;00000000;00000;000000;       ;                                                       ;00000000;00000;000000;       ;                                                       ;00000000;00000;000000;       ;                                                       ;00000000;00000;000000;       ;                                                       ;00000000;00000;000000;       ;                                                       ;00000000;00000;000000;       ;                                                       ;00000000;00000;000000;       ;                                                       ;00000000;00000;000000;       ;                                                       ;00000000;00000;000000;       ;                                                       ;00000000;00000;000000;       ;                                                       ;00000000;00000;000000;       ;                                                       ;00000000;00000;000000;       ;                                                       ;00000000;00000;000000;       ;                                                       ;00000000;00000;000000;       ;                                                       ;00000000;00000;000000;       ;                                                       ;00000000;00000;000000;       ;                                                       ;00000000;00000;000000;       ;                                                       ;00000000;00000;000000;       ;                                                       ;00000000;00000;000000;       ;                                                       ;00000000;00000;000000;       ;                                                       ;00000000;00000;000000;       ;                                                       ;00000000;00000;000000;       ;                                                       ;00000000;00000;000000;       ;                                                       ;00000000;00000;000000
08;05;9;902;99;Santa María del Cubillo                           ;99;99;00001;00000299;00000299;10000;00000283;09465;00000016;00535;00000002;00071;00000002;00071;000007;1003441;PP                                                     ;00000159;05658;000004;1030889;P.S.O.E.                                               ;00000120;04270;000003;       ;                                                       ;00000000;00000;000000;       ;                                                       ;00000000;00000;000000;       ;                                                       ;00000000;00000;000000;       ;                                                       ;00000000;00000;000000;       ;                                                       ;00000000;00000;000000;       ;                                                       ;00000000;00000;000000;       ;                                                       ;00000000;00000;000000;       ;                                                       ;00000000;00000;000000;       ;                                                       ;00000000;00000;000000;       ;                                                       ;00000000;00000;000000;       ;                                                       ;00000000;00000;000000;       ;                                                       ;00000000;00000;000000;       ;                                                       ;00000000;00000;000000;       ;                                                       ;00000000;00000;000000;       ;                                                       ;00000000;00000;000000;       ;                                                       ;00000000;00000;000000;       ;                                                       ;00000000;00000;000000;       ;                                                       ;00000000;00000;000000;       ;                                                       ;00000000;00000;000000;       ;                                                       ;00000000;00000;000000;       ;                                                       ;00000000;00000;000000;       ;                                                       ;00000000;00000;000000;       ;                                                       ;00000000;00000;000000;       ;                                                       ;00000000;00000;000000;       ;                                                       ;00000000;00000;000000;       ;                                                       ;00000000;00000;000000;       ;                                                       ;00000000;00000;000000;       ;                                                       ;00000000;00000;000000;       ;                                                       ;00000000;00000;000000;       ;                                                       ;00000000;00000;000000;       ;                                                       ;00000000;00000;000000;       ;                                                       ;00000000;00000;000000;       ;                                                       ;00000000;00000;000000;       ;                                                       ;00000000;00000;000000;       ;                                                       ;00000000;00000;000000;       ;                                                       ;00000000;00000;000000;       ;                                                       ;00000000;00000;000000;       ;                                                       ;00000000;00000;000000;       ;                                                       ;00000000;00000;000000;       ;                                                       ;00000000;00000;000000;       ;                                                       ;00000000;00000;000000;       ;                                                       ;00000000;00000;000000;       ;                                                       ;00000000;00000;000000;       ;                                                       ;00000000;00000;000000;       ;                                                       ;00000000;00000;000000;       ;                                                       ;00000000;00000;000000;       ;                                                       ;00000000;00000;000000;       ;                                                       ;00000000;00000;000000
08;05;9;227;99;Santa María del Tiétar                            ;99;99;00001;00000343;00000343;10000;00000259;07551;00000084;02449;00000002;00079;00000005;00193;000007;1003441;PP                                                     ;00000161;06339;000005;1030889;P.S.O.E.                                               ;00000075;02953;000002;1022852;XAV                                                    ;00000016;00630;000000;       ;                                                       ;00000000;00000;000000;       ;                                                       ;00000000;00000;000000;       ;                                                       ;00000000;00000;000000;       ;                                                       ;00000000;00000;000000;       ;                                                       ;00000000;00000;000000;       ;                                                       ;00000000;00000;000000;       ;                                                       ;00000000;00000;000000;       ;                                                       ;00000000;00000;000000;       ;                                                       ;00000000;00000;000000;       ;                                                       ;00000000;00000;000000;       ;                                                       ;00000000;00000;000000;       ;                                                       ;00000000;00000;000000;       ;                                                       ;00000000;00000;000000;       ;                                                       ;00000000;00000;000000;       ;                                                       ;00000000;00000;000000;       ;                                                       ;00000000;00000;000000;       ;                                                       ;00000000;00000;000000;       ;                                                       ;00000000;00000;000000;       ;                                                       ;00000000;00000;000000;       ;                                                       ;00000000;00000;000000;       ;                                                       ;00000000;00000;000000;       ;                                                       ;00000000;00000;000000;       ;                                                       ;00000000;00000;000000;       ;                                                       ;00000000;00000;000000;       ;                                                       ;00000000;00000;000000;       ;                                                       ;00000000;00000;000000;       ;                                                       ;00000000;00000;000000;       ;                                                       ;00000000;00000;000000;       ;                                                       ;00000000;00000;000000;       ;                                                       ;00000000;00000;000000;       ;                                                       ;00000000;00000;000000;       ;                                                       ;00000000;00000;000000;       ;                                                       ;00000000;00000;000000;       ;                                                       ;00000000;00000;000000;       ;                                                       ;00000000;00000;000000;       ;                                                       ;00000000;00000;000000;       ;                                                       ;00000000;00000;000000;       ;                                                       ;00000000;00000;000000;       ;                                                       ;00000000;00000;000000;       ;                                                       ;00000000;00000;000000;       ;                                                       ;00000000;00000;000000;       ;                                                       ;00000000;00000;000000;       ;                                                       ;00000000;00000;000000;       ;                                                       ;00000000;00000;000000;       ;                                                       ;00000000;00000;000000;       ;                                                       ;00000000;00000;000000;       ;                                                       ;00000000;00000;000000
08;05;9;228;99;Santiago del Collado                              ;99;99;00001;00000169;00000169;10000;00000116;06864;00000053;03136;00000006;00536;00000004;00345;000005;1003441;PP                                                     ;00000087;07768;000005;1030889;P.S.O.E.                                               ;00000017;01518;000000;       ;                                                       ;00000000;00000;000000;       ;                                                       ;00000000;00000;000000;       ;                                                       ;00000000;00000;000000;       ;                                                       ;00000000;00000;000000;       ;                                                       ;00000000;00000;000000;       ;                                                       ;00000000;00000;000000;       ;                                                       ;00000000;00000;000000;       ;                                                       ;00000000;00000;000000;       ;                                                       ;00000000;00000;000000;       ;                                                       ;00000000;00000;000000;       ;                                                       ;00000000;00000;000000;       ;                                                       ;00000000;00000;000000;       ;                                                       ;00000000;00000;000000;       ;                                                       ;00000000;00000;000000;       ;                                                       ;00000000;00000;000000;       ;                                                       ;00000000;00000;000000;       ;                                                       ;00000000;00000;000000;       ;                                                       ;00000000;00000;000000;       ;                                                       ;00000000;00000;000000;       ;                                                       ;00000000;00000;000000;       ;                                                       ;00000000;00000;000000;       ;                                                       ;00000000;00000;000000;       ;                                                       ;00000000;00000;000000;       ;                                                       ;00000000;00000;000000;       ;                                                       ;00000000;00000;000000;       ;                                                       ;00000000;00000;000000;       ;                                                       ;00000000;00000;000000;       ;                                                       ;00000000;00000;000000;       ;                                                       ;00000000;00000;000000;       ;                                                       ;00000000;00000;000000;       ;                                                       ;00000000;00000;000000;       ;                                                       ;00000000;00000;000000;       ;                                                       ;00000000;00000;000000;       ;                                                       ;00000000;00000;000000;       ;                                                       ;00000000;00000;000000;       ;                                                       ;00000000;00000;000000;       ;                                                       ;00000000;00000;000000;       ;                                                       ;00000000;00000;000000;       ;                                                       ;00000000;00000;000000;       ;                                                       ;00000000;00000;000000;       ;                                                       ;00000000;00000;000000;       ;                                                       ;00000000;00000;000000;       ;                                                       ;00000000;00000;000000;       ;                                                       ;00000000;00000;000000;       ;                                                       ;00000000;00000;000000;       ;                                                       ;00000000;00000;000000;       ;                                                       ;00000000;00000;000000;       ;                                                       ;00000000;00000;000000
08;05;9;904;99;Santiago del Tormes                               ;99;99;00001;00000110;00000110;10000;00000093;08455;00000017;01545;00000001;00109;00000001;00108;000005;1030889;P.S.O.E.                                               ;00000046;05000;000003;1003441;PP                                                     ;00000042;04565;000002;       ;                                                       ;00000000;00000;000000;       ;                                                       ;00000000;00000;000000;       ;                                                       ;00000000;00000;000000;       ;                                                       ;00000000;00000;000000;       ;                                                       ;00000000;00000;000000;       ;                                                       ;00000000;00000;000000;       ;                                                       ;00000000;00000;000000;       ;                                                       ;00000000;00000;000000;       ;                                                       ;00000000;00000;000000;       ;                                                       ;00000000;00000;000000;       ;                                                       ;00000000;00000;000000;       ;                                                       ;00000000;00000;000000;       ;                                                       ;00000000;00000;000000;       ;                                                       ;00000000;00000;000000;       ;                                                       ;00000000;00000;000000;       ;                                                       ;00000000;00000;000000;       ;                                                       ;00000000;00000;000000;       ;                                                       ;00000000;00000;000000;       ;                                                       ;00000000;00000;000000;       ;                                                       ;00000000;00000;000000;       ;                                                       ;00000000;00000;000000;       ;                                                       ;00000000;00000;000000;       ;                                                       ;00000000;00000;000000;       ;                                                       ;00000000;00000;000000;       ;                                                       ;00000000;00000;000000;       ;                                                       ;00000000;00000;000000;       ;                                                       ;00000000;00000;000000;       ;                                                       ;00000000;00000;000000;       ;                                                       ;00000000;00000;000000;       ;                                                       ;00000000;00000;000000;       ;                                                       ;00000000;00000;000000;       ;                                                       ;00000000;00000;000000;       ;                                                       ;00000000;00000;000000;       ;                                                       ;00000000;00000;000000;       ;                                                       ;00000000;00000;000000;       ;                                                       ;00000000;00000;000000;       ;                                                       ;00000000;00000;000000;       ;                                                       ;00000000;00000;000000;       ;                                                       ;00000000;00000;000000;       ;                                                       ;00000000;00000;000000;       ;                                                       ;00000000;00000;000000;       ;                                                       ;00000000;00000;000000;       ;                                                       ;00000000;00000;000000;       ;                                                       ;00000000;00000;000000;       ;                                                       ;00000000;00000;000000;       ;                                                       ;00000000;00000;000000;       ;                                                       ;00000000;00000;000000;       ;                                                       ;00000000;00000;000000
08;05;9;229;99;Santo Domingo de las Posadas                      ;99;99;00001;00000082;00000082;10000;00000077;09390;00000005;00610;00000002;00267;00000002;00260;000003;1003441;PP                                                     ;00000036;04800;000002;1022852;XAV                                                    ;00000028;03733;000001;1002645;CANDIDATURA INDEPENDIENTE DE SANTO DOMINGO DE LAS POSAD;00000022;02933;000000;1030889;P.S.O.E.                                               ;00000003;00400;000000;       ;                                                       ;00000000;00000;000000;       ;                                                       ;00000000;00000;000000;       ;                                                       ;00000000;00000;000000;       ;                                                       ;00000000;00000;000000;       ;                                                       ;00000000;00000;000000;       ;                                                       ;00000000;00000;000000;       ;                                                       ;00000000;00000;000000;       ;                                                       ;00000000;00000;000000;       ;                                                       ;00000000;00000;000000;       ;                                                       ;00000000;00000;000000;       ;                                                       ;00000000;00000;000000;       ;                                                       ;00000000;00000;000000;       ;                                                       ;00000000;00000;000000;       ;                                                       ;00000000;00000;000000;       ;                                                       ;00000000;00000;000000;       ;                                                       ;00000000;00000;000000;       ;                                                       ;00000000;00000;000000;       ;                                                       ;00000000;00000;000000;       ;                                                       ;00000000;00000;000000;       ;                                                       ;00000000;00000;000000;       ;                                                       ;00000000;00000;000000;       ;                                                       ;00000000;00000;000000;       ;                                                       ;00000000;00000;000000;       ;                                                       ;00000000;00000;000000;       ;                                                       ;00000000;00000;000000;       ;                                                       ;00000000;00000;000000;       ;                                                       ;00000000;00000;000000;       ;                                                       ;00000000;00000;000000;       ;                                                       ;00000000;00000;000000;       ;                                                       ;00000000;00000;000000;       ;                                                       ;00000000;00000;000000;       ;                                                       ;00000000;00000;000000;       ;                                                       ;00000000;00000;000000;       ;                                                       ;00000000;00000;000000;       ;                                                       ;00000000;00000;000000;       ;                                                       ;00000000;00000;000000;       ;                                                       ;00000000;00000;000000;       ;                                                       ;00000000;00000;000000;       ;                                                       ;00000000;00000;000000;       ;                                                       ;00000000;00000;000000;       ;                                                       ;00000000;00000;000000;       ;                                                       ;00000000;00000;000000;       ;                                                       ;00000000;00000;000000;       ;                                                       ;00000000;00000;000000;       ;                                                       ;00000000;00000;000000;       ;                                                       ;00000000;00000;000000
08;05;9;230;99;Santo Tomé de Zabarcos                            ;99;99;00001;00000063;00000063;10000;00000060;09524;00000003;00476;00000005;00847;00000001;00167;000003;1003441;PP                                                     ;00000046;07797;000003;1030889;P.S.O.E.                                               ;00000006;01017;000000;       ;                                                       ;00000000;00000;000000;       ;                                                       ;00000000;00000;000000;       ;                                                       ;00000000;00000;000000;       ;                                                       ;00000000;00000;000000;       ;                                                       ;00000000;00000;000000;       ;                                                       ;00000000;00000;000000;       ;                                                       ;00000000;00000;000000;       ;                                                       ;00000000;00000;000000;       ;                                                       ;00000000;00000;000000;       ;                                                       ;00000000;00000;000000;       ;                                                       ;00000000;00000;000000;       ;                                                       ;00000000;00000;000000;       ;                                                       ;00000000;00000;000000;       ;                                                       ;00000000;00000;000000;       ;                                                       ;00000000;00000;000000;       ;                                                       ;00000000;00000;000000;       ;                                                       ;00000000;00000;000000;       ;                                                       ;00000000;00000;000000;       ;                                                       ;00000000;00000;000000;       ;                                                       ;00000000;00000;000000;       ;                                                       ;00000000;00000;000000;       ;                                                       ;00000000;00000;000000;       ;                                                       ;00000000;00000;000000;       ;                                                       ;00000000;00000;000000;       ;                                                       ;00000000;00000;000000;       ;                                                       ;00000000;00000;000000;       ;                                                       ;00000000;00000;000000;       ;                                                       ;00000000;00000;000000;       ;                                                       ;00000000;00000;000000;       ;                                                       ;00000000;00000;000000;       ;                                                       ;00000000;00000;000000;       ;                                                       ;00000000;00000;000000;       ;                                                       ;00000000;00000;000000;       ;                                                       ;00000000;00000;000000;       ;                                                       ;00000000;00000;000000;       ;                                                       ;00000000;00000;000000;       ;                                                       ;00000000;00000;000000;       ;                                                       ;00000000;00000;000000;       ;                                                       ;00000000;00000;000000;       ;                                                       ;00000000;00000;000000;       ;                                                       ;00000000;00000;000000;       ;                                                       ;00000000;00000;000000;       ;                                                       ;00000000;00000;000000;       ;                                                       ;00000000;00000;000000;       ;                                                       ;00000000;00000;000000;       ;                                                       ;00000000;00000;000000;       ;                                                       ;00000000;00000;000000;       ;                                                       ;00000000;00000;000000
08;05;9;232;99;Serrada, La                                       ;99;99;00001;00000106;00000106;10000;00000093;08774;00000013;01226;00000001;00111;00000000;00000;000005;1022852;XAV                                                    ;00000051;05667;000004;1003441;PP                                                     ;00000034;03778;000001;1030889;P.S.O.E.                                               ;00000025;02778;000000;       ;                                                       ;00000000;00000;000000;       ;                                                       ;00000000;00000;000000;       ;                                                       ;00000000;00000;000000;       ;                                                       ;00000000;00000;000000;       ;                                                       ;00000000;00000;000000;       ;                                                       ;00000000;00000;000000;       ;                                                       ;00000000;00000;000000;       ;                                                       ;00000000;00000;000000;       ;                                                       ;00000000;00000;000000;       ;                                                       ;00000000;00000;000000;       ;                                                       ;00000000;00000;000000;       ;                                                       ;00000000;00000;000000;       ;                                                       ;00000000;00000;000000;       ;                                                       ;00000000;00000;000000;       ;                                                       ;00000000;00000;000000;       ;                                                       ;00000000;00000;000000;       ;                                                       ;00000000;00000;000000;       ;                                                       ;00000000;00000;000000;       ;                                                       ;00000000;00000;000000;       ;                                                       ;00000000;00000;000000;       ;                                                       ;00000000;00000;000000;       ;                                                       ;00000000;00000;000000;       ;                                                       ;00000000;00000;000000;       ;                                                       ;00000000;00000;000000;       ;                                                       ;00000000;00000;000000;       ;                                                       ;00000000;00000;000000;       ;                                                       ;00000000;00000;000000;       ;                                                       ;00000000;00000;000000;       ;                                                       ;00000000;00000;000000;       ;                                                       ;00000000;00000;000000;       ;                                                       ;00000000;00000;000000;       ;                                                       ;00000000;00000;000000;       ;                                                       ;00000000;00000;000000;       ;                                                       ;00000000;00000;000000;       ;                                                       ;00000000;00000;000000;       ;                                                       ;00000000;00000;000000;       ;                                                       ;00000000;00000;000000;       ;                                                       ;00000000;00000;000000;       ;                                                       ;00000000;00000;000000;       ;                                                       ;00000000;00000;000000;       ;                                                       ;00000000;00000;000000;       ;                                                       ;00000000;00000;000000;       ;                                                       ;00000000;00000;000000;       ;                                                       ;00000000;00000;000000;       ;                                                       ;00000000;00000;000000;       ;                                                       ;00000000;00000;000000;       ;                                                       ;00000000;00000;000000
08;05;9;233;99;Serranillos                                       ;99;99;00001;00000227;00000227;10000;00000209;09207;00000018;00793;00000005;00242;00000002;00096;000005;1003441;PP                                                     ;00000105;05072;000004;1022852;XAV                                                    ;00000089;04300;000001;1030889;P.S.O.E.                                               ;00000009;00435;000000;       ;                                                       ;00000000;00000;000000;       ;                                                       ;00000000;00000;000000;       ;                                                       ;00000000;00000;000000;       ;                                                       ;00000000;00000;000000;       ;                                                       ;00000000;00000;000000;       ;                                                       ;00000000;00000;000000;       ;                                                       ;00000000;00000;000000;       ;                                                       ;00000000;00000;000000;       ;                                                       ;00000000;00000;000000;       ;                                                       ;00000000;00000;000000;       ;                                                       ;00000000;00000;000000;       ;                                                       ;00000000;00000;000000;       ;                                                       ;00000000;00000;000000;       ;                                                       ;00000000;00000;000000;       ;                                                       ;00000000;00000;000000;       ;                                                       ;00000000;00000;000000;       ;                                                       ;00000000;00000;000000;       ;                                                       ;00000000;00000;000000;       ;                                                       ;00000000;00000;000000;       ;                                                       ;00000000;00000;000000;       ;                                                       ;00000000;00000;000000;       ;                                                       ;00000000;00000;000000;       ;                                                       ;00000000;00000;000000;       ;                                                       ;00000000;00000;000000;       ;                                                       ;00000000;00000;000000;       ;                                                       ;00000000;00000;000000;       ;                                                       ;00000000;00000;000000;       ;                                                       ;00000000;00000;000000;       ;                                                       ;00000000;00000;000000;       ;                                                       ;00000000;00000;000000;       ;                                                       ;00000000;00000;000000;       ;                                                       ;00000000;00000;000000;       ;                                                       ;00000000;00000;000000;       ;                                                       ;00000000;00000;000000;       ;                                                       ;00000000;00000;000000;       ;                                                       ;00000000;00000;000000;       ;                                                       ;00000000;00000;000000;       ;                                                       ;00000000;00000;000000;       ;                                                       ;00000000;00000;000000;       ;                                                       ;00000000;00000;000000;       ;                                                       ;00000000;00000;000000;       ;                                                       ;00000000;00000;000000;       ;                                                       ;00000000;00000;000000;       ;                                                       ;00000000;00000;000000;       ;                                                       ;00000000;00000;000000;       ;                                                       ;00000000;00000;000000;       ;                                                       ;00000000;00000;000000
08;05;9;234;99;Sigeres                                           ;99;99;00001;00000046;00000046;10000;00000043;09348;00000003;00652;00000000;00000;00000000;00000;000003;1003441;PP                                                     ;00000035;08140;000002;1030889;P.S.O.E.                                               ;00000004;00930;000001;       ;                                                       ;00000000;00000;000000;       ;                                                       ;00000000;00000;000000;       ;                                                       ;00000000;00000;000000;       ;                                                       ;00000000;00000;000000;       ;                                                       ;00000000;00000;000000;       ;                                                       ;00000000;00000;000000;       ;                                                       ;00000000;00000;000000;       ;                                                       ;00000000;00000;000000;       ;                                                       ;00000000;00000;000000;       ;                                                       ;00000000;00000;000000;       ;                                                       ;00000000;00000;000000;       ;                                                       ;00000000;00000;000000;       ;                                                       ;00000000;00000;000000;       ;                                                       ;00000000;00000;000000;       ;                                                       ;00000000;00000;000000;       ;                                                       ;00000000;00000;000000;       ;                                                       ;00000000;00000;000000;       ;                                                       ;00000000;00000;000000;       ;                                                       ;00000000;00000;000000;       ;                                                       ;00000000;00000;000000;       ;                                                       ;00000000;00000;000000;       ;                                                       ;00000000;00000;000000;       ;                                                       ;00000000;00000;000000;       ;                                                       ;00000000;00000;000000;       ;                                                       ;00000000;00000;000000;       ;                                                       ;00000000;00000;000000;       ;                                                       ;00000000;00000;000000;       ;                                                       ;00000000;00000;000000;       ;                                                       ;00000000;00000;000000;       ;                                                       ;00000000;00000;000000;       ;                                                       ;00000000;00000;000000;       ;                                                       ;00000000;00000;000000;       ;                                                       ;00000000;00000;000000;       ;                                                       ;00000000;00000;000000;       ;                                                       ;00000000;00000;000000;       ;                                                       ;00000000;00000;000000;       ;                                                       ;00000000;00000;000000;       ;                                                       ;00000000;00000;000000;       ;                                                       ;00000000;00000;000000;       ;                                                       ;00000000;00000;000000;       ;                                                       ;00000000;00000;000000;       ;                                                       ;00000000;00000;000000;       ;                                                       ;00000000;00000;000000;       ;                                                       ;00000000;00000;000000;       ;                                                       ;00000000;00000;000000;       ;                                                       ;00000000;00000;000000;       ;                                                       ;00000000;00000;000000;       ;                                                       ;00000000;00000;000000
08;05;9;235;99;Sinlabajos                                        ;99;99;00001;00000141;00000141;10000;00000100;07092;00000041;02908;00000003;00319;00000006;00600;000005;1003441;PP                                                     ;00000064;06809;000004;1030889;P.S.O.E.                                               ;00000037;03936;000001;       ;                                                       ;00000000;00000;000000;       ;                                                       ;00000000;00000;000000;       ;                                                       ;00000000;00000;000000;       ;                                                       ;00000000;00000;000000;       ;                                                       ;00000000;00000;000000;       ;                                                       ;00000000;00000;000000;       ;                                                       ;00000000;00000;000000;       ;                                                       ;00000000;00000;000000;       ;                                                       ;00000000;00000;000000;       ;                                                       ;00000000;00000;000000;       ;                                                       ;00000000;00000;000000;       ;                                                       ;00000000;00000;000000;       ;                                                       ;00000000;00000;000000;       ;                                                       ;00000000;00000;000000;       ;                                                       ;00000000;00000;000000;       ;                                                       ;00000000;00000;000000;       ;                                                       ;00000000;00000;000000;       ;                                                       ;00000000;00000;000000;       ;                                                       ;00000000;00000;000000;       ;                                                       ;00000000;00000;000000;       ;                                                       ;00000000;00000;000000;       ;                                                       ;00000000;00000;000000;       ;                                                       ;00000000;00000;000000;       ;                                                       ;00000000;00000;000000;       ;                                                       ;00000000;00000;000000;       ;                                                       ;00000000;00000;000000;       ;                                                       ;00000000;00000;000000;       ;                                                       ;00000000;00000;000000;       ;                                                       ;00000000;00000;000000;       ;                                                       ;00000000;00000;000000;       ;                                                       ;00000000;00000;000000;       ;                                                       ;00000000;00000;000000;       ;                                                       ;00000000;00000;000000;       ;                                                       ;00000000;00000;000000;       ;                                                       ;00000000;00000;000000;       ;                                                       ;00000000;00000;000000;       ;                                                       ;00000000;00000;000000;       ;                                                       ;00000000;00000;000000;       ;                                                       ;00000000;00000;000000;       ;                                                       ;00000000;00000;000000;       ;                                                       ;00000000;00000;000000;       ;                                                       ;00000000;00000;000000;       ;                                                       ;00000000;00000;000000;       ;                                                       ;00000000;00000;000000;       ;                                                       ;00000000;00000;000000;       ;                                                       ;00000000;00000;000000;       ;                                                       ;00000000;00000;000000;       ;                                                       ;00000000;00000;000000
08;05;9;237;99;Solana de Rioalmar                                ;99;99;00001;00000156;00000156;10000;00000124;07949;00000032;02051;00000000;00000;00000008;00645;000005;1003441;PP                                                     ;00000108;09310;000005;1030889;P.S.O.E.                                               ;00000004;00345;000000;       ;                                                       ;00000000;00000;000000;       ;                                                       ;00000000;00000;000000;       ;                                                       ;00000000;00000;000000;       ;                                                       ;00000000;00000;000000;       ;                                                       ;00000000;00000;000000;       ;                                                       ;00000000;00000;000000;       ;                                                       ;00000000;00000;000000;       ;                                                       ;00000000;00000;000000;       ;                                                       ;00000000;00000;000000;       ;                                                       ;00000000;00000;000000;       ;                                                       ;00000000;00000;000000;       ;                                                       ;00000000;00000;000000;       ;                                                       ;00000000;00000;000000;       ;                                                       ;00000000;00000;000000;       ;                                                       ;00000000;00000;000000;       ;                                                       ;00000000;00000;000000;       ;                                                       ;00000000;00000;000000;       ;                                                       ;00000000;00000;000000;       ;                                                       ;00000000;00000;000000;       ;                                                       ;00000000;00000;000000;       ;                                                       ;00000000;00000;000000;       ;                                                       ;00000000;00000;000000;       ;                                                       ;00000000;00000;000000;       ;                                                       ;00000000;00000;000000;       ;                                                       ;00000000;00000;000000;       ;                                                       ;00000000;00000;000000;       ;                                                       ;00000000;00000;000000;       ;                                                       ;00000000;00000;000000;       ;                                                       ;00000000;00000;000000;       ;                                                       ;00000000;00000;000000;       ;                                                       ;00000000;00000;000000;       ;                                                       ;00000000;00000;000000;       ;                                                       ;00000000;00000;000000;       ;                                                       ;00000000;00000;000000;       ;                                                       ;00000000;00000;000000;       ;                                                       ;00000000;00000;000000;       ;                                                       ;00000000;00000;000000;       ;                                                       ;00000000;00000;000000;       ;                                                       ;00000000;00000;000000;       ;                                                       ;00000000;00000;000000;       ;                                                       ;00000000;00000;000000;       ;                                                       ;00000000;00000;000000;       ;                                                       ;00000000;00000;000000;       ;                                                       ;00000000;00000;000000;       ;                                                       ;00000000;00000;000000;       ;                                                       ;00000000;00000;000000;       ;                                                       ;00000000;00000;000000;       ;                                                       ;00000000;00000;000000
08;05;9;236;99;Solana de Ávila                                   ;99;99;00001;00000107;00000107;10000;00000076;07103;00000031;02897;00000006;00845;00000005;00658;000005;1003441;PP                                                     ;00000049;06901;000005;1030889;P.S.O.E.                                               ;00000015;02113;000000;       ;                                                       ;00000000;00000;000000;       ;                                                       ;00000000;00000;000000;       ;                                                       ;00000000;00000;000000;       ;                                                       ;00000000;00000;000000;       ;                                                       ;00000000;00000;000000;       ;                                                       ;00000000;00000;000000;       ;                                                       ;00000000;00000;000000;       ;                                                       ;00000000;00000;000000;       ;                                                       ;00000000;00000;000000;       ;                                                       ;00000000;00000;000000;       ;                                                       ;00000000;00000;000000;       ;                                                       ;00000000;00000;000000;       ;                                                       ;00000000;00000;000000;       ;                                                       ;00000000;00000;000000;       ;                                                       ;00000000;00000;000000;       ;                                                       ;00000000;00000;000000;       ;                                                       ;00000000;00000;000000;       ;                                                       ;00000000;00000;000000;       ;                                                       ;00000000;00000;000000;       ;                                                       ;00000000;00000;000000;       ;                                                       ;00000000;00000;000000;       ;                                                       ;00000000;00000;000000;       ;                                                       ;00000000;00000;000000;       ;                                                       ;00000000;00000;000000;       ;                                                       ;00000000;00000;000000;       ;                                                       ;00000000;00000;000000;       ;                                                       ;00000000;00000;000000;       ;                                                       ;00000000;00000;000000;       ;                                                       ;00000000;00000;000000;       ;                                                       ;00000000;00000;000000;       ;                                                       ;00000000;00000;000000;       ;                                                       ;00000000;00000;000000;       ;                                                       ;00000000;00000;000000;       ;                                                       ;00000000;00000;000000;       ;                                                       ;00000000;00000;000000;       ;                                                       ;00000000;00000;000000;       ;                                                       ;00000000;00000;000000;       ;                                                       ;00000000;00000;000000;       ;                                                       ;00000000;00000;000000;       ;                                                       ;00000000;00000;000000;       ;                                                       ;00000000;00000;000000;       ;                                                       ;00000000;00000;000000;       ;                                                       ;00000000;00000;000000;       ;                                                       ;00000000;00000;000000;       ;                                                       ;00000000;00000;000000;       ;                                                       ;00000000;00000;000000;       ;                                                       ;00000000;00000;000000;       ;                                                       ;00000000;00000;000000
08;05;9;238;99;Solosancho                                        ;99;99;00001;00000748;00000748;10000;00000679;09078;00000069;00922;00000004;00059;00000006;00088;000007;1003441;PP                                                     ;00000432;06419;000005;1030889;P.S.O.E.                                               ;00000237;03522;000002;       ;                                                       ;00000000;00000;000000;       ;                                                       ;00000000;00000;000000;       ;                                                       ;00000000;00000;000000;       ;                                                       ;00000000;00000;000000;       ;                                                       ;00000000;00000;000000;       ;                                                       ;00000000;00000;000000;       ;                                                       ;00000000;00000;000000;       ;                                                       ;00000000;00000;000000;       ;                                                       ;00000000;00000;000000;       ;                                                       ;00000000;00000;000000;       ;                                                       ;00000000;00000;000000;       ;                                                       ;00000000;00000;000000;       ;                                                       ;00000000;00000;000000;       ;                                                       ;00000000;00000;000000;       ;                                                       ;00000000;00000;000000;       ;                                                       ;00000000;00000;000000;       ;                                                       ;00000000;00000;000000;       ;                                                       ;00000000;00000;000000;       ;                                                       ;00000000;00000;000000;       ;                                                       ;00000000;00000;000000;       ;                                                       ;00000000;00000;000000;       ;                                                       ;00000000;00000;000000;       ;                                                       ;00000000;00000;000000;       ;                                                       ;00000000;00000;000000;       ;                                                       ;00000000;00000;000000;       ;                                                       ;00000000;00000;000000;       ;                                                       ;00000000;00000;000000;       ;                                                       ;00000000;00000;000000;       ;                                                       ;00000000;00000;000000;       ;                                                       ;00000000;00000;000000;       ;                                                       ;00000000;00000;000000;       ;                                                       ;00000000;00000;000000;       ;                                                       ;00000000;00000;000000;       ;                                                       ;00000000;00000;000000;       ;                                                       ;00000000;00000;000000;       ;                                                       ;00000000;00000;000000;       ;                                                       ;00000000;00000;000000;       ;                                                       ;00000000;00000;000000;       ;                                                       ;00000000;00000;000000;       ;                                                       ;00000000;00000;000000;       ;                                                       ;00000000;00000;000000;       ;                                                       ;00000000;00000;000000;       ;                                                       ;00000000;00000;000000;       ;                                                       ;00000000;00000;000000;       ;                                                       ;00000000;00000;000000;       ;                                                       ;00000000;00000;000000;       ;                                                       ;00000000;00000;000000;       ;                                                       ;00000000;00000;000000
08;05;9;239;99;Sotalbo                                           ;99;99;00001;00000228;00000228;10000;00000198;08684;00000030;01316;00000003;00153;00000002;00101;000007;1003441;PP                                                     ;00000084;04286;000003;1030889;P.S.O.E.                                               ;00000072;03673;000003;1022852;XAV                                                    ;00000037;01888;000001;       ;                                                       ;00000000;00000;000000;       ;                                                       ;00000000;00000;000000;       ;                                                       ;00000000;00000;000000;       ;                                                       ;00000000;00000;000000;       ;                                                       ;00000000;00000;000000;       ;                                                       ;00000000;00000;000000;       ;                                                       ;00000000;00000;000000;       ;                                                       ;00000000;00000;000000;       ;                                                       ;00000000;00000;000000;       ;                                                       ;00000000;00000;000000;       ;                                                       ;00000000;00000;000000;       ;                                                       ;00000000;00000;000000;       ;                                                       ;00000000;00000;000000;       ;                                                       ;00000000;00000;000000;       ;                                                       ;00000000;00000;000000;       ;                                                       ;00000000;00000;000000;       ;                                                       ;00000000;00000;000000;       ;                                                       ;00000000;00000;000000;       ;                                                       ;00000000;00000;000000;       ;                                                       ;00000000;00000;000000;       ;                                                       ;00000000;00000;000000;       ;                                                       ;00000000;00000;000000;       ;                                                       ;00000000;00000;000000;       ;                                                       ;00000000;00000;000000;       ;                                                       ;00000000;00000;000000;       ;                                                       ;00000000;00000;000000;       ;                                                       ;00000000;00000;000000;       ;                                                       ;00000000;00000;000000;       ;                                                       ;00000000;00000;000000;       ;                                                       ;00000000;00000;000000;       ;                                                       ;00000000;00000;000000;       ;                                                       ;00000000;00000;000000;       ;                                                       ;00000000;00000;000000;       ;                                                       ;00000000;00000;000000;       ;                                                       ;00000000;00000;000000;       ;                                                       ;00000000;00000;000000;       ;                                                       ;00000000;00000;000000;       ;                                                       ;00000000;00000;000000;       ;                                                       ;00000000;00000;000000;       ;                                                       ;00000000;00000;000000;       ;                                                       ;00000000;00000;000000;       ;                                                       ;00000000;00000;000000;       ;                                                       ;00000000;00000;000000;       ;                                                       ;00000000;00000;000000;       ;                                                       ;00000000;00000;000000;       ;                                                       ;00000000;00000;000000;       ;                                                       ;00000000;00000;000000
08;05;9;240;99;Sotillo de la Adrada                              ;99;99;00004;00003351;00003351;10000;00002202;06571;00001149;03429;00000021;00097;00000044;00200;000011;1003441;PP                                                     ;00001235;05723;000007;1030889;P.S.O.E.                                               ;00000385;01784;000002;1032691;IU-EQUO                                                ;00000272;01260;000001;1026165;VOX                                                    ;00000245;01135;000001;       ;                                                       ;00000000;00000;000000;       ;                                                       ;00000000;00000;000000;       ;                                                       ;00000000;00000;000000;       ;                                                       ;00000000;00000;000000;       ;                                                       ;00000000;00000;000000;       ;                                                       ;00000000;00000;000000;       ;                                                       ;00000000;00000;000000;       ;                                                       ;00000000;00000;000000;       ;                                                       ;00000000;00000;000000;       ;                                                       ;00000000;00000;000000;       ;                                                       ;00000000;00000;000000;       ;                                                       ;00000000;00000;000000;       ;                                                       ;00000000;00000;000000;       ;                                                       ;00000000;00000;000000;       ;                                                       ;00000000;00000;000000;       ;                                                       ;00000000;00000;000000;       ;                                                       ;00000000;00000;000000;       ;                                                       ;00000000;00000;000000;       ;                                                       ;00000000;00000;000000;       ;                                                       ;00000000;00000;000000;       ;                                                       ;00000000;00000;000000;       ;                                                       ;00000000;00000;000000;       ;                                                       ;00000000;00000;000000;       ;                                                       ;00000000;00000;000000;       ;                                                       ;00000000;00000;000000;       ;                                                       ;00000000;00000;000000;       ;                                                       ;00000000;00000;000000;       ;                                                       ;00000000;00000;000000;       ;                                                       ;00000000;00000;000000;       ;                                                       ;00000000;00000;000000;       ;                                                       ;00000000;00000;000000;       ;                                                       ;00000000;00000;000000;       ;                                                       ;00000000;00000;000000;       ;                                                       ;00000000;00000;000000;       ;                                                       ;00000000;00000;000000;       ;                                                       ;00000000;00000;000000;       ;                                                       ;00000000;00000;000000;       ;                                                       ;00000000;00000;000000;       ;                                                       ;00000000;00000;000000;       ;                                                       ;00000000;00000;000000;       ;                                                       ;00000000;00000;000000;       ;                                                       ;00000000;00000;000000;       ;                                                       ;00000000;00000;000000;       ;                                                       ;00000000;00000;000000;       ;                                                       ;00000000;00000;000000;       ;                                                       ;00000000;00000;000000
08;05;9;241;99;Tiemblo, El                                       ;99;99;00006;00003066;00003066;10000;00002256;07358;00000810;02642;00000039;00175;00000026;00115;000011;1003441;PP                                                     ;00000833;03735;000005;1022852;XAV                                                    ;00000738;03309;000004;9689014;Cs                                                     ;00000291;01305;000001;1030889;P.S.O.E.                                               ;00000190;00852;000001;1022293;IZQUIERDA UNIDA-EQUO                                   ;00000139;00623;000000;       ;                                                       ;00000000;00000;000000;       ;                                                       ;00000000;00000;000000;       ;                                                       ;00000000;00000;000000;       ;                                                       ;00000000;00000;000000;       ;                                                       ;00000000;00000;000000;       ;                                                       ;00000000;00000;000000;       ;                                                       ;00000000;00000;000000;       ;                                                       ;00000000;00000;000000;       ;                                                       ;00000000;00000;000000;       ;                                                       ;00000000;00000;000000;       ;                                                       ;00000000;00000;000000;       ;                                                       ;00000000;00000;000000;       ;                                                       ;00000000;00000;000000;       ;                                                       ;00000000;00000;000000;       ;                                                       ;00000000;00000;000000;       ;                                                       ;00000000;00000;000000;       ;                                                       ;00000000;00000;000000;       ;                                                       ;00000000;00000;000000;       ;                                                       ;00000000;00000;000000;       ;                                                       ;00000000;00000;000000;       ;                                                       ;00000000;00000;000000;       ;                                                       ;00000000;00000;000000;       ;                                                       ;00000000;00000;000000;       ;                                                       ;00000000;00000;000000;       ;                                                       ;00000000;00000;000000;       ;                                                       ;00000000;00000;000000;       ;                                                       ;00000000;00000;000000;       ;                                                       ;00000000;00000;000000;       ;                                                       ;00000000;00000;000000;       ;                                                       ;00000000;00000;000000;       ;                                                       ;00000000;00000;000000;       ;                                                       ;00000000;00000;000000;       ;                                                       ;00000000;00000;000000;       ;                                                       ;00000000;00000;000000;       ;                                                       ;00000000;00000;000000;       ;                                                       ;00000000;00000;000000;       ;                                                       ;00000000;00000;000000;       ;                                                       ;00000000;00000;000000;       ;                                                       ;00000000;00000;000000;       ;                                                       ;00000000;00000;000000;       ;                                                       ;00000000;00000;000000;       ;                                                       ;00000000;00000;000000;       ;                                                       ;00000000;00000;000000;       ;                                                       ;00000000;00000;000000;       ;                                                       ;00000000;00000;000000
08;05;9;242;99;Tiñosillos                                        ;99;99;00001;00000686;00000686;10000;00000609;08878;00000077;01122;00000008;00132;00000002;00033;000007;1003441;PP                                                     ;00000595;09802;000007;1030889;P.S.O.E.                                               ;00000004;00066;000000;       ;                                                       ;00000000;00000;000000;       ;                                                       ;00000000;00000;000000;       ;                                                       ;00000000;00000;000000;       ;                                                       ;00000000;00000;000000;       ;                                                       ;00000000;00000;000000;       ;                                                       ;00000000;00000;000000;       ;                                                       ;00000000;00000;000000;       ;                                                       ;00000000;00000;000000;       ;                                                       ;00000000;00000;000000;       ;                                                       ;00000000;00000;000000;       ;                                                       ;00000000;00000;000000;       ;                                                       ;00000000;00000;000000;       ;                                                       ;00000000;00000;000000;       ;                                                       ;00000000;00000;000000;       ;                                                       ;00000000;00000;000000;       ;                                                       ;00000000;00000;000000;       ;                                                       ;00000000;00000;000000;       ;                                                       ;00000000;00000;000000;       ;                                                       ;00000000;00000;000000;       ;                                                       ;00000000;00000;000000;       ;                                                       ;00000000;00000;000000;       ;                                                       ;00000000;00000;000000;       ;                                                       ;00000000;00000;000000;       ;                                                       ;00000000;00000;000000;       ;                                                       ;00000000;00000;000000;       ;                                                       ;00000000;00000;000000;       ;                                                       ;00000000;00000;000000;       ;                                                       ;00000000;00000;000000;       ;                                                       ;00000000;00000;000000;       ;                                                       ;00000000;00000;000000;       ;                                                       ;00000000;00000;000000;       ;                                                       ;00000000;00000;000000;       ;                                                       ;00000000;00000;000000;       ;                                                       ;00000000;00000;000000;       ;                                                       ;00000000;00000;000000;       ;                                                       ;00000000;00000;000000;       ;                                                       ;00000000;00000;000000;       ;                                                       ;00000000;00000;000000;       ;                                                       ;00000000;00000;000000;       ;                                                       ;00000000;00000;000000;       ;                                                       ;00000000;00000;000000;       ;                                                       ;00000000;00000;000000;       ;                                                       ;00000000;00000;000000;       ;                                                       ;00000000;00000;000000;       ;                                                       ;00000000;00000;000000;       ;                                                       ;00000000;00000;000000;       ;                                                       ;00000000;00000;000000;       ;                                                       ;00000000;00000;000000
08;05;9;243;99;Tolbaños                                          ;99;99;00001;00000085;00000085;10000;00000072;08471;00000013;01529;00000000;00000;00000006;00833;000003;1030889;P.S.O.E.                                               ;00000049;07424;000003;1003441;PP                                                     ;00000011;01667;000000;       ;                                                       ;00000000;00000;000000;       ;                                                       ;00000000;00000;000000;       ;                                                       ;00000000;00000;000000;       ;                                                       ;00000000;00000;000000;       ;                                                       ;00000000;00000;000000;       ;                                                       ;00000000;00000;000000;       ;                                                       ;00000000;00000;000000;       ;                                                       ;00000000;00000;000000;       ;                                                       ;00000000;00000;000000;       ;                                                       ;00000000;00000;000000;       ;                                                       ;00000000;00000;000000;       ;                                                       ;00000000;00000;000000;       ;                                                       ;00000000;00000;000000;       ;                                                       ;00000000;00000;000000;       ;                                                       ;00000000;00000;000000;       ;                                                       ;00000000;00000;000000;       ;                                                       ;00000000;00000;000000;       ;                                                       ;00000000;00000;000000;       ;                                                       ;00000000;00000;000000;       ;                                                       ;00000000;00000;000000;       ;                                                       ;00000000;00000;000000;       ;                                                       ;00000000;00000;000000;       ;                                                       ;00000000;00000;000000;       ;                                                       ;00000000;00000;000000;       ;                                                       ;00000000;00000;000000;       ;                                                       ;00000000;00000;000000;       ;                                                       ;00000000;00000;000000;       ;                                                       ;00000000;00000;000000;       ;                                                       ;00000000;00000;000000;       ;                                                       ;00000000;00000;000000;       ;                                                       ;00000000;00000;000000;       ;                                                       ;00000000;00000;000000;       ;                                                       ;00000000;00000;000000;       ;                                                       ;00000000;00000;000000;       ;                                                       ;00000000;00000;000000;       ;                                                       ;00000000;00000;000000;       ;                                                       ;00000000;00000;000000;       ;                                                       ;00000000;00000;000000;       ;                                                       ;00000000;00000;000000;       ;                                                       ;00000000;00000;000000;       ;                                                       ;00000000;00000;000000;       ;                                                       ;00000000;00000;000000;       ;                                                       ;00000000;00000;000000;       ;                                                       ;00000000;00000;000000;       ;                                                       ;00000000;00000;000000;       ;                                                       ;00000000;00000;000000;       ;                                                       ;00000000;00000;000000;       ;                                                       ;00000000;00000;000000
08;05;9;244;99;Tormellas                                         ;99;99;00001;00000041;00000041;10000;00000031;07561;00000010;02439;00000001;00370;00000004;01290;000003;1003441;PP                                                     ;00000025;09259;000003;1030889;P.S.O.E.                                               ;00000001;00370;000000;       ;                                                       ;00000000;00000;000000;       ;                                                       ;00000000;00000;000000;       ;                                                       ;00000000;00000;000000;       ;                                                       ;00000000;00000;000000;       ;                                                       ;00000000;00000;000000;       ;                                                       ;00000000;00000;000000;       ;                                                       ;00000000;00000;000000;       ;                                                       ;00000000;00000;000000;       ;                                                       ;00000000;00000;000000;       ;                                                       ;00000000;00000;000000;       ;                                                       ;00000000;00000;000000;       ;                                                       ;00000000;00000;000000;       ;                                                       ;00000000;00000;000000;       ;                                                       ;00000000;00000;000000;       ;                                                       ;00000000;00000;000000;       ;                                                       ;00000000;00000;000000;       ;                                                       ;00000000;00000;000000;       ;                                                       ;00000000;00000;000000;       ;                                                       ;00000000;00000;000000;       ;                                                       ;00000000;00000;000000;       ;                                                       ;00000000;00000;000000;       ;                                                       ;00000000;00000;000000;       ;                                                       ;00000000;00000;000000;       ;                                                       ;00000000;00000;000000;       ;                                                       ;00000000;00000;000000;       ;                                                       ;00000000;00000;000000;       ;                                                       ;00000000;00000;000000;       ;                                                       ;00000000;00000;000000;       ;                                                       ;00000000;00000;000000;       ;                                                       ;00000000;00000;000000;       ;                                                       ;00000000;00000;000000;       ;                                                       ;00000000;00000;000000;       ;                                                       ;00000000;00000;000000;       ;                                                       ;00000000;00000;000000;       ;                                                       ;00000000;00000;000000;       ;                                                       ;00000000;00000;000000;       ;                                                       ;00000000;00000;000000;       ;                                                       ;00000000;00000;000000;       ;                                                       ;00000000;00000;000000;       ;                                                       ;00000000;00000;000000;       ;                                                       ;00000000;00000;000000;       ;                                                       ;00000000;00000;000000;       ;                                                       ;00000000;00000;000000;       ;                                                       ;00000000;00000;000000;       ;                                                       ;00000000;00000;000000;       ;                                                       ;00000000;00000;000000;       ;                                                       ;00000000;00000;000000;       ;                                                       ;00000000;00000;000000
08;05;9;245;99;Tornadizos de Ávila                               ;99;99;00001;00000351;00000351;10000;00000274;07806;00000077;02194;00000005;00191;00000012;00438;000007;1003441;PP                                                     ;00000149;05687;000004;1030889;P.S.O.E.                                               ;00000108;04122;000003;       ;                                                       ;00000000;00000;000000;       ;                                                       ;00000000;00000;000000;       ;                                                       ;00000000;00000;000000;       ;                                                       ;00000000;00000;000000;       ;                                                       ;00000000;00000;000000;       ;                                                       ;00000000;00000;000000;       ;                                                       ;00000000;00000;000000;       ;                                                       ;00000000;00000;000000;       ;                                                       ;00000000;00000;000000;       ;                                                       ;00000000;00000;000000;       ;                                                       ;00000000;00000;000000;       ;                                                       ;00000000;00000;000000;       ;                                                       ;00000000;00000;000000;       ;                                                       ;00000000;00000;000000;       ;                                                       ;00000000;00000;000000;       ;                                                       ;00000000;00000;000000;       ;                                                       ;00000000;00000;000000;       ;                                                       ;00000000;00000;000000;       ;                                                       ;00000000;00000;000000;       ;                                                       ;00000000;00000;000000;       ;                                                       ;00000000;00000;000000;       ;                                                       ;00000000;00000;000000;       ;                                                       ;00000000;00000;000000;       ;                                                       ;00000000;00000;000000;       ;                                                       ;00000000;00000;000000;       ;                                                       ;00000000;00000;000000;       ;                                                       ;00000000;00000;000000;       ;                                                       ;00000000;00000;000000;       ;                                                       ;00000000;00000;000000;       ;                                                       ;00000000;00000;000000;       ;                                                       ;00000000;00000;000000;       ;                                                       ;00000000;00000;000000;       ;                                                       ;00000000;00000;000000;       ;                                                       ;00000000;00000;000000;       ;                                                       ;00000000;00000;000000;       ;                                                       ;00000000;00000;000000;       ;                                                       ;00000000;00000;000000;       ;                                                       ;00000000;00000;000000;       ;                                                       ;00000000;00000;000000;       ;                                                       ;00000000;00000;000000;       ;                                                       ;00000000;00000;000000;       ;                                                       ;00000000;00000;000000;       ;                                                       ;00000000;00000;000000;       ;                                                       ;00000000;00000;000000;       ;                                                       ;00000000;00000;000000;       ;                                                       ;00000000;00000;000000;       ;                                                       ;00000000;00000;000000;       ;                                                       ;00000000;00000;000000
08;05;9;247;99;Torre, La                                         ;99;99;00003;00000232;00000232;10000;00000198;08534;00000034;01466;00000001;00051;00000002;00101;000005;1003441;PP                                                     ;00000108;05510;000004;1022852;XAV                                                    ;00000072;03673;000001;1030889;P.S.O.E.                                               ;00000007;00357;000000;       ;                                                       ;00000000;00000;000000;       ;                                                       ;00000000;00000;000000;       ;                                                       ;00000000;00000;000000;       ;                                                       ;00000000;00000;000000;       ;                                                       ;00000000;00000;000000;       ;                                                       ;00000000;00000;000000;       ;                                                       ;00000000;00000;000000;       ;                                                       ;00000000;00000;000000;       ;                                                       ;00000000;00000;000000;       ;                                                       ;00000000;00000;000000;       ;                                                       ;00000000;00000;000000;       ;                                                       ;00000000;00000;000000;       ;                                                       ;00000000;00000;000000;       ;                                                       ;00000000;00000;000000;       ;                                                       ;00000000;00000;000000;       ;                                                       ;00000000;00000;000000;       ;                                                       ;00000000;00000;000000;       ;                                                       ;00000000;00000;000000;       ;                                                       ;00000000;00000;000000;       ;                                                       ;00000000;00000;000000;       ;                                                       ;00000000;00000;000000;       ;                                                       ;00000000;00000;000000;       ;                                                       ;00000000;00000;000000;       ;                                                       ;00000000;00000;000000;       ;                                                       ;00000000;00000;000000;       ;                                                       ;00000000;00000;000000;       ;                                                       ;00000000;00000;000000;       ;                                                       ;00000000;00000;000000;       ;                                                       ;00000000;00000;000000;       ;                                                       ;00000000;00000;000000;       ;                                                       ;00000000;00000;000000;       ;                                                       ;00000000;00000;000000;       ;                                                       ;00000000;00000;000000;       ;                                                       ;00000000;00000;000000;       ;                                                       ;00000000;00000;000000;       ;                                                       ;00000000;00000;000000;       ;                                                       ;00000000;00000;000000;       ;                                                       ;00000000;00000;000000;       ;                                                       ;00000000;00000;000000;       ;                                                       ;00000000;00000;000000;       ;                                                       ;00000000;00000;000000;       ;                                                       ;00000000;00000;000000;       ;                                                       ;00000000;00000;000000;       ;                                                       ;00000000;00000;000000;       ;                                                       ;00000000;00000;000000;       ;                                                       ;00000000;00000;000000;       ;                                                       ;00000000;00000;000000
08;05;9;246;99;Tórtoles                                          ;99;99;00001;00000051;00000051;10000;00000038;07451;00000013;02549;00000001;00270;00000001;00263;000003;1003441;PP                                                     ;00000026;07027;000003;1030889;P.S.O.E.                                               ;00000008;02162;000000;       ;                                                       ;00000000;00000;000000;       ;                                                       ;00000000;00000;000000;       ;                                                       ;00000000;00000;000000;       ;                                                       ;00000000;00000;000000;       ;                                                       ;00000000;00000;000000;       ;                                                       ;00000000;00000;000000;       ;                                                       ;00000000;00000;000000;       ;                                                       ;00000000;00000;000000;       ;                                                       ;00000000;00000;000000;       ;                                                       ;00000000;00000;000000;       ;                                                       ;00000000;00000;000000;       ;                                                       ;00000000;00000;000000;       ;                                                       ;00000000;00000;000000;       ;                                                       ;00000000;00000;000000;       ;                                                       ;00000000;00000;000000;       ;                                                       ;00000000;00000;000000;       ;                                                       ;00000000;00000;000000;       ;                                                       ;00000000;00000;000000;       ;                                                       ;00000000;00000;000000;       ;                                                       ;00000000;00000;000000;       ;                                                       ;00000000;00000;000000;       ;                                                       ;00000000;00000;000000;       ;                                                       ;00000000;00000;000000;       ;                                                       ;00000000;00000;000000;       ;                                                       ;00000000;00000;000000;       ;                                                       ;00000000;00000;000000;       ;                                                       ;00000000;00000;000000;       ;                                                       ;00000000;00000;000000;       ;                                                       ;00000000;00000;000000;       ;                                                       ;00000000;00000;000000;       ;                                                       ;00000000;00000;000000;       ;                                                       ;00000000;00000;000000;       ;                                                       ;00000000;00000;000000;       ;                                                       ;00000000;00000;000000;       ;                                                       ;00000000;00000;000000;       ;                                                       ;00000000;00000;000000;       ;                                                       ;00000000;00000;000000;       ;                                                       ;00000000;00000;000000;       ;                                                       ;00000000;00000;000000;       ;                                                       ;00000000;00000;000000;       ;                                                       ;00000000;00000;000000;       ;                                                       ;00000000;00000;000000;       ;                                                       ;00000000;00000;000000;       ;                                                       ;00000000;00000;000000;       ;                                                       ;00000000;00000;000000;       ;                                                       ;00000000;00000;000000;       ;                                                       ;00000000;00000;000000;       ;                                                       ;00000000;00000;000000
08;05;9;249;99;Umbrías                                           ;99;99;00001;00000094;00000094;10000;00000064;06809;00000030;03191;00000001;00159;00000001;00156;000005;1030889;P.S.O.E.                                               ;00000043;06825;000003;1003441;PP                                                     ;00000021;03333;000002;       ;                                                       ;00000000;00000;000000;       ;                                                       ;00000000;00000;000000;       ;                                                       ;00000000;00000;000000;       ;                                                       ;00000000;00000;000000;       ;                                                       ;00000000;00000;000000;       ;                                                       ;00000000;00000;000000;       ;                                                       ;00000000;00000;000000;       ;                                                       ;00000000;00000;000000;       ;                                                       ;00000000;00000;000000;       ;                                                       ;00000000;00000;000000;       ;                                                       ;00000000;00000;000000;       ;                                                       ;00000000;00000;000000;       ;                                                       ;00000000;00000;000000;       ;                                                       ;00000000;00000;000000;       ;                                                       ;00000000;00000;000000;       ;                                                       ;00000000;00000;000000;       ;                                                       ;00000000;00000;000000;       ;                                                       ;00000000;00000;000000;       ;                                                       ;00000000;00000;000000;       ;                                                       ;00000000;00000;000000;       ;                                                       ;00000000;00000;000000;       ;                                                       ;00000000;00000;000000;       ;                                                       ;00000000;00000;000000;       ;                                                       ;00000000;00000;000000;       ;                                                       ;00000000;00000;000000;       ;                                                       ;00000000;00000;000000;       ;                                                       ;00000000;00000;000000;       ;                                                       ;00000000;00000;000000;       ;                                                       ;00000000;00000;000000;       ;                                                       ;00000000;00000;000000;       ;                                                       ;00000000;00000;000000;       ;                                                       ;00000000;00000;000000;       ;                                                       ;00000000;00000;000000;       ;                                                       ;00000000;00000;000000;       ;                                                       ;00000000;00000;000000;       ;                                                       ;00000000;00000;000000;       ;                                                       ;00000000;00000;000000;       ;                                                       ;00000000;00000;000000;       ;                                                       ;00000000;00000;000000;       ;                                                       ;00000000;00000;000000;       ;                                                       ;00000000;00000;000000;       ;                                                       ;00000000;00000;000000;       ;                                                       ;00000000;00000;000000;       ;                                                       ;00000000;00000;000000;       ;                                                       ;00000000;00000;000000;       ;                                                       ;00000000;00000;000000;       ;                                                       ;00000000;00000;000000;       ;                                                       ;00000000;00000;000000
08;05;9;251;99;Vadillo de la Sierra                              ;99;99;00001;00000057;00000057;10000;00000049;08596;00000008;01404;00000001;00213;00000002;00408;000003;1003441;PP                                                     ;00000024;05106;000002;1026165;VOX                                                    ;00000019;04043;000001;1030889;P.S.O.E.                                               ;00000009;01915;000000;       ;                                                       ;00000000;00000;000000;       ;                                                       ;00000000;00000;000000;       ;                                                       ;00000000;00000;000000;       ;                                                       ;00000000;00000;000000;       ;                                                       ;00000000;00000;000000;       ;                                                       ;00000000;00000;000000;       ;                                                       ;00000000;00000;000000;       ;                                                       ;00000000;00000;000000;       ;                                                       ;00000000;00000;000000;       ;                                                       ;00000000;00000;000000;       ;                                                       ;00000000;00000;000000;       ;                                                       ;00000000;00000;000000;       ;                                                       ;00000000;00000;000000;       ;                                                       ;00000000;00000;000000;       ;                                                       ;00000000;00000;000000;       ;                                                       ;00000000;00000;000000;       ;                                                       ;00000000;00000;000000;       ;                                                       ;00000000;00000;000000;       ;                                                       ;00000000;00000;000000;       ;                                                       ;00000000;00000;000000;       ;                                                       ;00000000;00000;000000;       ;                                                       ;00000000;00000;000000;       ;                                                       ;00000000;00000;000000;       ;                                                       ;00000000;00000;000000;       ;                                                       ;00000000;00000;000000;       ;                                                       ;00000000;00000;000000;       ;                                                       ;00000000;00000;000000;       ;                                                       ;00000000;00000;000000;       ;                                                       ;00000000;00000;000000;       ;                                                       ;00000000;00000;000000;       ;                                                       ;00000000;00000;000000;       ;                                                       ;00000000;00000;000000;       ;                                                       ;00000000;00000;000000;       ;                                                       ;00000000;00000;000000;       ;                                                       ;00000000;00000;000000;       ;                                                       ;00000000;00000;000000;       ;                                                       ;00000000;00000;000000;       ;                                                       ;00000000;00000;000000;       ;                                                       ;00000000;00000;000000;       ;                                                       ;00000000;00000;000000;       ;                                                       ;00000000;00000;000000;       ;                                                       ;00000000;00000;000000;       ;                                                       ;00000000;00000;000000;       ;                                                       ;00000000;00000;000000;       ;                                                       ;00000000;00000;000000;       ;                                                       ;00000000;00000;000000;       ;                                                       ;00000000;00000;000000
08;05;9;252;99;Valdecasa                                         ;99;99;00001;00000056;00000056;10000;00000039;06964;00000017;03036;00000002;00556;00000003;00769;000003;1003441;PP                                                     ;00000029;08056;000003;1030889;P.S.O.E.                                               ;00000000;00000;000000;       ;                                                       ;00000000;00000;000000;       ;                                                       ;00000000;00000;000000;       ;                                                       ;00000000;00000;000000;       ;                                                       ;00000000;00000;000000;       ;                                                       ;00000000;00000;000000;       ;                                                       ;00000000;00000;000000;       ;                                                       ;00000000;00000;000000;       ;                                                       ;00000000;00000;000000;       ;                                                       ;00000000;00000;000000;       ;                                                       ;00000000;00000;000000;       ;                                                       ;00000000;00000;000000;       ;                                                       ;00000000;00000;000000;       ;                                                       ;00000000;00000;000000;       ;                                                       ;00000000;00000;000000;       ;                                                       ;00000000;00000;000000;       ;                                                       ;00000000;00000;000000;       ;                                                       ;00000000;00000;000000;       ;                                                       ;00000000;00000;000000;       ;                                                       ;00000000;00000;000000;       ;                                                       ;00000000;00000;000000;       ;                                                       ;00000000;00000;000000;       ;                                                       ;00000000;00000;000000;       ;                                                       ;00000000;00000;000000;       ;                                                       ;00000000;00000;000000;       ;                                                       ;00000000;00000;000000;       ;                                                       ;00000000;00000;000000;       ;                                                       ;00000000;00000;000000;       ;                                                       ;00000000;00000;000000;       ;                                                       ;00000000;00000;000000;       ;                                                       ;00000000;00000;000000;       ;                                                       ;00000000;00000;000000;       ;                                                       ;00000000;00000;000000;       ;                                                       ;00000000;00000;000000;       ;                                                       ;00000000;00000;000000;       ;                                                       ;00000000;00000;000000;       ;                                                       ;00000000;00000;000000;       ;                                                       ;00000000;00000;000000;       ;                                                       ;00000000;00000;000000;       ;                                                       ;00000000;00000;000000;       ;                                                       ;00000000;00000;000000;       ;                                                       ;00000000;00000;000000;       ;                                                       ;00000000;00000;000000;       ;                                                       ;00000000;00000;000000;       ;                                                       ;00000000;00000;000000;       ;                                                       ;00000000;00000;000000;       ;                                                       ;00000000;00000;000000;       ;                                                       ;00000000;00000;000000;       ;                                                       ;00000000;00000;000000
08;05;9;253;99;Vega de Santa María                               ;99;99;00001;00000077;00000077;10000;00000068;08831;00000009;01169;00000000;00000;00000001;00147;000003;1003441;PP                                                     ;00000038;05672;000002;1030889;P.S.O.E.                                               ;00000032;04776;000001;       ;                                                       ;00000000;00000;000000;       ;                                                       ;00000000;00000;000000;       ;                                                       ;00000000;00000;000000;       ;                                                       ;00000000;00000;000000;       ;                                                       ;00000000;00000;000000;       ;                                                       ;00000000;00000;000000;       ;                                                       ;00000000;00000;000000;       ;                                                       ;00000000;00000;000000;       ;                                                       ;00000000;00000;000000;       ;                                                       ;00000000;00000;000000;       ;                                                       ;00000000;00000;000000;       ;                                                       ;00000000;00000;000000;       ;                                                       ;00000000;00000;000000;       ;                                                       ;00000000;00000;000000;       ;                                                       ;00000000;00000;000000;       ;                                                       ;00000000;00000;000000;       ;                                                       ;00000000;00000;000000;       ;                                                       ;00000000;00000;000000;       ;                                                       ;00000000;00000;000000;       ;                                                       ;00000000;00000;000000;       ;                                                       ;00000000;00000;000000;       ;                                                       ;00000000;00000;000000;       ;                                                       ;00000000;00000;000000;       ;                                                       ;00000000;00000;000000;       ;                                                       ;00000000;00000;000000;       ;                                                       ;00000000;00000;000000;       ;                                                       ;00000000;00000;000000;       ;                                                       ;00000000;00000;000000;       ;                                                       ;00000000;00000;000000;       ;                                                       ;00000000;00000;000000;       ;                                                       ;00000000;00000;000000;       ;                                                       ;00000000;00000;000000;       ;                                                       ;00000000;00000;000000;       ;                                                       ;00000000;00000;000000;       ;                                                       ;00000000;00000;000000;       ;                                                       ;00000000;00000;000000;       ;                                                       ;00000000;00000;000000;       ;                                                       ;00000000;00000;000000;       ;                                                       ;00000000;00000;000000;       ;                                                       ;00000000;00000;000000;       ;                                                       ;00000000;00000;000000;       ;                                                       ;00000000;00000;000000;       ;                                                       ;00000000;00000;000000;       ;                                                       ;00000000;00000;000000;       ;                                                       ;00000000;00000;000000;       ;                                                       ;00000000;00000;000000;       ;                                                       ;00000000;00000;000000;       ;                                                       ;00000000;00000;000000
08;05;9;254;99;Velayos                                           ;99;99;00001;00000182;00000182;10000;00000158;08681;00000024;01319;00000000;00000;00000001;00063;000005;1003441;PP                                                     ;00000101;06433;000004;1030889;P.S.O.E.                                               ;00000034;02166;000001;1005984;3                                                      ;00000033;02102;000000;       ;                                                       ;00000000;00000;000000;       ;                                                       ;00000000;00000;000000;       ;                                                       ;00000000;00000;000000;       ;                                                       ;00000000;00000;000000;       ;                                                       ;00000000;00000;000000;       ;                                                       ;00000000;00000;000000;       ;                                                       ;00000000;00000;000000;       ;                                                       ;00000000;00000;000000;       ;                                                       ;00000000;00000;000000;       ;                                                       ;00000000;00000;000000;       ;                                                       ;00000000;00000;000000;       ;                                                       ;00000000;00000;000000;       ;                                                       ;00000000;00000;000000;       ;                                                       ;00000000;00000;000000;       ;                                                       ;00000000;00000;000000;       ;                                                       ;00000000;00000;000000;       ;                                                       ;00000000;00000;000000;       ;                                                       ;00000000;00000;000000;       ;                                                       ;00000000;00000;000000;       ;                                                       ;00000000;00000;000000;       ;                                                       ;00000000;00000;000000;       ;                                                       ;00000000;00000;000000;       ;                                                       ;00000000;00000;000000;       ;                                                       ;00000000;00000;000000;       ;                                                       ;00000000;00000;000000;       ;                                                       ;00000000;00000;000000;       ;                                                       ;00000000;00000;000000;       ;                                                       ;00000000;00000;000000;       ;                                                       ;00000000;00000;000000;       ;                                                       ;00000000;00000;000000;       ;                                                       ;00000000;00000;000000;       ;                                                       ;00000000;00000;000000;       ;                                                       ;00000000;00000;000000;       ;                                                       ;00000000;00000;000000;       ;                                                       ;00000000;00000;000000;       ;                                                       ;00000000;00000;000000;       ;                                                       ;00000000;00000;000000;       ;                                                       ;00000000;00000;000000;       ;                                                       ;00000000;00000;000000;       ;                                                       ;00000000;00000;000000;       ;                                                       ;00000000;00000;000000;       ;                                                       ;00000000;00000;000000;       ;                                                       ;00000000;00000;000000;       ;                                                       ;00000000;00000;000000;       ;                                                       ;00000000;00000;000000;       ;                                                       ;00000000;00000;000000;       ;                                                       ;00000000;00000;000000
08;05;9;256;99;Villaflor                                         ;99;99;00001;00000113;00000113;10000;00000093;08230;00000020;01770;00000001;00112;00000004;00430;000005;1003441;PP                                                     ;00000058;06517;000003;1022852;XAV                                                    ;00000050;05618;000002;1030889;P.S.O.E.                                               ;00000017;01910;000000;       ;                                                       ;00000000;00000;000000;       ;                                                       ;00000000;00000;000000;       ;                                                       ;00000000;00000;000000;       ;                                                       ;00000000;00000;000000;       ;                                                       ;00000000;00000;000000;       ;                                                       ;00000000;00000;000000;       ;                                                       ;00000000;00000;000000;       ;                                                       ;00000000;00000;000000;       ;                                                       ;00000000;00000;000000;       ;                                                       ;00000000;00000;000000;       ;                                                       ;00000000;00000;000000;       ;                                                       ;00000000;00000;000000;       ;                                                       ;00000000;00000;000000;       ;                                                       ;00000000;00000;000000;       ;                                                       ;00000000;00000;000000;       ;                                                       ;00000000;00000;000000;       ;                                                       ;00000000;00000;000000;       ;                                                       ;00000000;00000;000000;       ;                                                       ;00000000;00000;000000;       ;                                                       ;00000000;00000;000000;       ;                                                       ;00000000;00000;000000;       ;                                                       ;00000000;00000;000000;       ;                                                       ;00000000;00000;000000;       ;                                                       ;00000000;00000;000000;       ;                                                       ;00000000;00000;000000;       ;                                                       ;00000000;00000;000000;       ;                                                       ;00000000;00000;000000;       ;                                                       ;00000000;00000;000000;       ;                                                       ;00000000;00000;000000;       ;                                                       ;00000000;00000;000000;       ;                                                       ;00000000;00000;000000;       ;                                                       ;00000000;00000;000000;       ;                                                       ;00000000;00000;000000;       ;                                                       ;00000000;00000;000000;       ;                                                       ;00000000;00000;000000;       ;                                                       ;00000000;00000;000000;       ;                                                       ;00000000;00000;000000;       ;                                                       ;00000000;00000;000000;       ;                                                       ;00000000;00000;000000;       ;                                                       ;00000000;00000;000000;       ;                                                       ;00000000;00000;000000;       ;                                                       ;00000000;00000;000000;       ;                                                       ;00000000;00000;000000;       ;                                                       ;00000000;00000;000000;       ;                                                       ;00000000;00000;000000;       ;                                                       ;00000000;00000;000000;       ;                                                       ;00000000;00000;000000
08;05;9;257;99;Villafranca de la Sierra                          ;99;99;00001;00000139;00000139;10000;00000125;08993;00000014;01007;00000003;00242;00000001;00080;000005;9689014;Cs                                                     ;00000085;06855;000004;1003441;PP                                                     ;00000035;02823;000001;1030889;P.S.O.E.                                               ;00000027;02177;000000;       ;                                                       ;00000000;00000;000000;       ;                                                       ;00000000;00000;000000;       ;                                                       ;00000000;00000;000000;       ;                                                       ;00000000;00000;000000;       ;                                                       ;00000000;00000;000000;       ;                                                       ;00000000;00000;000000;       ;                                                       ;00000000;00000;000000;       ;                                                       ;00000000;00000;000000;       ;                                                       ;00000000;00000;000000;       ;                                                       ;00000000;00000;000000;       ;                                                       ;00000000;00000;000000;       ;                                                       ;00000000;00000;000000;       ;                                                       ;00000000;00000;000000;       ;                                                       ;00000000;00000;000000;       ;                                                       ;00000000;00000;000000;       ;                                                       ;00000000;00000;000000;       ;                                                       ;00000000;00000;000000;       ;                                                       ;00000000;00000;000000;       ;                                                       ;00000000;00000;000000;       ;                                                       ;00000000;00000;000000;       ;                                                       ;00000000;00000;000000;       ;                                                       ;00000000;00000;000000;       ;                                                       ;00000000;00000;000000;       ;                                                       ;00000000;00000;000000;       ;                                                       ;00000000;00000;000000;       ;                                                       ;00000000;00000;000000;       ;                                                       ;00000000;00000;000000;       ;                                                       ;00000000;00000;000000;       ;                                                       ;00000000;00000;000000;       ;                                                       ;00000000;00000;000000;       ;                                                       ;00000000;00000;000000;       ;                                                       ;00000000;00000;000000;       ;                                                       ;00000000;00000;000000;       ;                                                       ;00000000;00000;000000;       ;                                                       ;00000000;00000;000000;       ;                                                       ;00000000;00000;000000;       ;                                                       ;00000000;00000;000000;       ;                                                       ;00000000;00000;000000;       ;                                                       ;00000000;00000;000000;       ;                                                       ;00000000;00000;000000;       ;                                                       ;00000000;00000;000000;       ;                                                       ;00000000;00000;000000;       ;                                                       ;00000000;00000;000000;       ;                                                       ;00000000;00000;000000;       ;                                                       ;00000000;00000;000000;       ;                                                       ;00000000;00000;000000;       ;                                                       ;00000000;00000;000000
08;05;9;258;99;Villanueva de Gómez                               ;99;99;00001;00000106;00000106;10000;00000096;09057;00000010;00943;00000001;00104;00000000;00000;000005;1030889;P.S.O.E.                                               ;00000052;05417;000004;1003441;PP                                                     ;00000039;04063;000001;       ;                                                       ;00000000;00000;000000;       ;                                                       ;00000000;00000;000000;       ;                                                       ;00000000;00000;000000;       ;                                                       ;00000000;00000;000000;       ;                                                       ;00000000;00000;000000;       ;                                                       ;00000000;00000;000000;       ;                                                       ;00000000;00000;000000;       ;                                                       ;00000000;00000;000000;       ;                                                       ;00000000;00000;000000;       ;                                                       ;00000000;00000;000000;       ;                                                       ;00000000;00000;000000;       ;                                                       ;00000000;00000;000000;       ;                                                       ;00000000;00000;000000;       ;                                                       ;00000000;00000;000000;       ;                                                       ;00000000;00000;000000;       ;                                                       ;00000000;00000;000000;       ;                                                       ;00000000;00000;000000;       ;                                                       ;00000000;00000;000000;       ;                                                       ;00000000;00000;000000;       ;                                                       ;00000000;00000;000000;       ;                                                       ;00000000;00000;000000;       ;                                                       ;00000000;00000;000000;       ;                                                       ;00000000;00000;000000;       ;                                                       ;00000000;00000;000000;       ;                                                       ;00000000;00000;000000;       ;                                                       ;00000000;00000;000000;       ;                                                       ;00000000;00000;000000;       ;                                                       ;00000000;00000;000000;       ;                                                       ;00000000;00000;000000;       ;                                                       ;00000000;00000;000000;       ;                                                       ;00000000;00000;000000;       ;                                                       ;00000000;00000;000000;       ;                                                       ;00000000;00000;000000;       ;                                                       ;00000000;00000;000000;       ;                                                       ;00000000;00000;000000;       ;                                                       ;00000000;00000;000000;       ;                                                       ;00000000;00000;000000;       ;                                                       ;00000000;00000;000000;       ;                                                       ;00000000;00000;000000;       ;                                                       ;00000000;00000;000000;       ;                                                       ;00000000;00000;000000;       ;                                                       ;00000000;00000;000000;       ;                                                       ;00000000;00000;000000;       ;                                                       ;00000000;00000;000000;       ;                                                       ;00000000;00000;000000;       ;                                                       ;00000000;00000;000000;       ;                                                       ;00000000;00000;000000;       ;                                                       ;00000000;00000;000000
08;05;9;905;99;Villanueva de Ávila                               ;99;99;00001;00000220;00000220;10000;00000198;09000;00000022;01000;00000001;00051;00000000;00000;000007;1003441;PP                                                     ;00000161;08131;000006;9689014;Cs                                                     ;00000035;01768;000001;1030889;P.S.O.E.                                               ;00000001;00051;000000;       ;                                                       ;00000000;00000;000000;       ;                                                       ;00000000;00000;000000;       ;                                                       ;00000000;00000;000000;       ;                                                       ;00000000;00000;000000;       ;                                                       ;00000000;00000;000000;       ;                                                       ;00000000;00000;000000;       ;                                                       ;00000000;00000;000000;       ;                                                       ;00000000;00000;000000;       ;                                                       ;00000000;00000;000000;       ;                                                       ;00000000;00000;000000;       ;                                                       ;00000000;00000;000000;       ;                                                       ;00000000;00000;000000;       ;                                                       ;00000000;00000;000000;       ;                                                       ;00000000;00000;000000;       ;                                                       ;00000000;00000;000000;       ;                                                       ;00000000;00000;000000;       ;                                                       ;00000000;00000;000000;       ;                                                       ;00000000;00000;000000;       ;                                                       ;00000000;00000;000000;       ;                                                       ;00000000;00000;000000;       ;                                                       ;00000000;00000;000000;       ;                                                       ;00000000;00000;000000;       ;                                                       ;00000000;00000;000000;       ;                                                       ;00000000;00000;000000;       ;                                                       ;00000000;00000;000000;       ;                                                       ;00000000;00000;000000;       ;                                                       ;00000000;00000;000000;       ;                                                       ;00000000;00000;000000;       ;                                                       ;00000000;00000;000000;       ;                                                       ;00000000;00000;000000;       ;                                                       ;00000000;00000;000000;       ;                                                       ;00000000;00000;000000;       ;                                                       ;00000000;00000;000000;       ;                                                       ;00000000;00000;000000;       ;                                                       ;00000000;00000;000000;       ;                                                       ;00000000;00000;000000;       ;                                                       ;00000000;00000;000000;       ;                                                       ;00000000;00000;000000;       ;                                                       ;00000000;00000;000000;       ;                                                       ;00000000;00000;000000;       ;                                                       ;00000000;00000;000000;       ;                                                       ;00000000;00000;000000;       ;                                                       ;00000000;00000;000000;       ;                                                       ;00000000;00000;000000;       ;                                                       ;00000000;00000;000000;       ;                                                       ;00000000;00000;000000;       ;                                                       ;00000000;00000;000000
08;05;9;259;99;Villanueva del Aceral                             ;99;99;00001;00000105;00000105;10000;00000081;07714;00000024;02286;00000000;00000;00000002;00247;000005;1003441;PP                                                     ;00000042;05316;000004;1030889;P.S.O.E.                                               ;00000028;03544;000001;       ;                                                       ;00000000;00000;000000;       ;                                                       ;00000000;00000;000000;       ;                                                       ;00000000;00000;000000;       ;                                                       ;00000000;00000;000000;       ;                                                       ;00000000;00000;000000;       ;                                                       ;00000000;00000;000000;       ;                                                       ;00000000;00000;000000;       ;                                                       ;00000000;00000;000000;       ;                                                       ;00000000;00000;000000;       ;                                                       ;00000000;00000;000000;       ;                                                       ;00000000;00000;000000;       ;                                                       ;00000000;00000;000000;       ;                                                       ;00000000;00000;000000;       ;                                                       ;00000000;00000;000000;       ;                                                       ;00000000;00000;000000;       ;                                                       ;00000000;00000;000000;       ;                                                       ;00000000;00000;000000;       ;                                                       ;00000000;00000;000000;       ;                                                       ;00000000;00000;000000;       ;                                                       ;00000000;00000;000000;       ;                                                       ;00000000;00000;000000;       ;                                                       ;00000000;00000;000000;       ;                                                       ;00000000;00000;000000;       ;                                                       ;00000000;00000;000000;       ;                                                       ;00000000;00000;000000;       ;                                                       ;00000000;00000;000000;       ;                                                       ;00000000;00000;000000;       ;                                                       ;00000000;00000;000000;       ;                                                       ;00000000;00000;000000;       ;                                                       ;00000000;00000;000000;       ;                                                       ;00000000;00000;000000;       ;                                                       ;00000000;00000;000000;       ;                                                       ;00000000;00000;000000;       ;                                                       ;00000000;00000;000000;       ;                                                       ;00000000;00000;000000;       ;                                                       ;00000000;00000;000000;       ;                                                       ;00000000;00000;000000;       ;                                                       ;00000000;00000;000000;       ;                                                       ;00000000;00000;000000;       ;                                                       ;00000000;00000;000000;       ;                                                       ;00000000;00000;000000;       ;                                                       ;00000000;00000;000000;       ;                                                       ;00000000;00000;000000;       ;                                                       ;00000000;00000;000000;       ;                                                       ;00000000;00000;000000;       ;                                                       ;00000000;00000;000000;       ;                                                       ;00000000;00000;000000;       ;                                                       ;00000000;00000;000000
08;05;9;260;99;Villanueva del Campillo                           ;99;99;00001;00000098;00000098;10000;00000082;08367;00000016;01633;00000001;00128;00000004;00488;000005;1003441;PP                                                     ;00000065;08333;000005;1030889;P.S.O.E.                                               ;00000017;02179;000000;       ;                                                       ;00000000;00000;000000;       ;                                                       ;00000000;00000;000000;       ;                                                       ;00000000;00000;000000;       ;                                                       ;00000000;00000;000000;       ;                                                       ;00000000;00000;000000;       ;                                                       ;00000000;00000;000000;       ;                                                       ;00000000;00000;000000;       ;                                                       ;00000000;00000;000000;       ;                                                       ;00000000;00000;000000;       ;                                                       ;00000000;00000;000000;       ;                                                       ;00000000;00000;000000;       ;                                                       ;00000000;00000;000000;       ;                                                       ;00000000;00000;000000;       ;                                                       ;00000000;00000;000000;       ;                                                       ;00000000;00000;000000;       ;                                                       ;00000000;00000;000000;       ;                                                       ;00000000;00000;000000;       ;                                                       ;00000000;00000;000000;       ;                                                       ;00000000;00000;000000;       ;                                                       ;00000000;00000;000000;       ;                                                       ;00000000;00000;000000;       ;                                                       ;00000000;00000;000000;       ;                                                       ;00000000;00000;000000;       ;                                                       ;00000000;00000;000000;       ;                                                       ;00000000;00000;000000;       ;                                                       ;00000000;00000;000000;       ;                                                       ;00000000;00000;000000;       ;                                                       ;00000000;00000;000000;       ;                                                       ;00000000;00000;000000;       ;                                                       ;00000000;00000;000000;       ;                                                       ;00000000;00000;000000;       ;                                                       ;00000000;00000;000000;       ;                                                       ;00000000;00000;000000;       ;                                                       ;00000000;00000;000000;       ;                                                       ;00000000;00000;000000;       ;                                                       ;00000000;00000;000000;       ;                                                       ;00000000;00000;000000;       ;                                                       ;00000000;00000;000000;       ;                                                       ;00000000;00000;000000;       ;                                                       ;00000000;00000;000000;       ;                                                       ;00000000;00000;000000;       ;                                                       ;00000000;00000;000000;       ;                                                       ;00000000;00000;000000;       ;                                                       ;00000000;00000;000000;       ;                                                       ;00000000;00000;000000;       ;                                                       ;00000000;00000;000000;       ;                                                       ;00000000;00000;000000;       ;                                                       ;00000000;00000;000000
08;05;9;261;99;Villar de Corneja                                 ;99;99;00001;00000033;00000033;10000;00000026;07879;00000007;02121;00000000;00000;00000000;00000;000003;1003441;PP                                                     ;00000025;09615;000003;1030889;P.S.O.E.                                               ;00000001;00385;000000;       ;                                                       ;00000000;00000;000000;       ;                                                       ;00000000;00000;000000;       ;                                                       ;00000000;00000;000000;       ;                                                       ;00000000;00000;000000;       ;                                                       ;00000000;00000;000000;       ;                                                       ;00000000;00000;000000;       ;                                                       ;00000000;00000;000000;       ;                                                       ;00000000;00000;000000;       ;                                                       ;00000000;00000;000000;       ;                                                       ;00000000;00000;000000;       ;                                                       ;00000000;00000;000000;       ;                                                       ;00000000;00000;000000;       ;                                                       ;00000000;00000;000000;       ;                                                       ;00000000;00000;000000;       ;                                                       ;00000000;00000;000000;       ;                                                       ;00000000;00000;000000;       ;                                                       ;00000000;00000;000000;       ;                                                       ;00000000;00000;000000;       ;                                                       ;00000000;00000;000000;       ;                                                       ;00000000;00000;000000;       ;                                                       ;00000000;00000;000000;       ;                                                       ;00000000;00000;000000;       ;                                                       ;00000000;00000;000000;       ;                                                       ;00000000;00000;000000;       ;                                                       ;00000000;00000;000000;       ;                                                       ;00000000;00000;000000;       ;                                                       ;00000000;00000;000000;       ;                                                       ;00000000;00000;000000;       ;                                                       ;00000000;00000;000000;       ;                                                       ;00000000;00000;000000;       ;                                                       ;00000000;00000;000000;       ;                                                       ;00000000;00000;000000;       ;                                                       ;00000000;00000;000000;       ;                                                       ;00000000;00000;000000;       ;                                                       ;00000000;00000;000000;       ;                                                       ;00000000;00000;000000;       ;                                                       ;00000000;00000;000000;       ;                                                       ;00000000;00000;000000;       ;                                                       ;00000000;00000;000000;       ;                                                       ;00000000;00000;000000;       ;                                                       ;00000000;00000;000000;       ;                                                       ;00000000;00000;000000;       ;                                                       ;00000000;00000;000000;       ;                                                       ;00000000;00000;000000;       ;                                                       ;00000000;00000;000000;       ;                                                       ;00000000;00000;000000;       ;                                                       ;00000000;00000;000000;       ;                                                       ;00000000;00000;000000
08;05;9;262;99;Villarejo del Valle                               ;99;99;00001;00000323;00000323;10000;00000247;07647;00000076;02353;00000017;00705;00000006;00243;000007;1003441;PP                                                     ;00000180;07469;000006;1030889;P.S.O.E.                                               ;00000044;01826;000001;       ;                                                       ;00000000;00000;000000;       ;                                                       ;00000000;00000;000000;       ;                                                       ;00000000;00000;000000;       ;                                                       ;00000000;00000;000000;       ;                                                       ;00000000;00000;000000;       ;                                                       ;00000000;00000;000000;       ;                                                       ;00000000;00000;000000;       ;                                                       ;00000000;00000;000000;       ;                                                       ;00000000;00000;000000;       ;                                                       ;00000000;00000;000000;       ;                                                       ;00000000;00000;000000;       ;                                                       ;00000000;00000;000000;       ;                                                       ;00000000;00000;000000;       ;                                                       ;00000000;00000;000000;       ;                                                       ;00000000;00000;000000;       ;                                                       ;00000000;00000;000000;       ;                                                       ;00000000;00000;000000;       ;                                                       ;00000000;00000;000000;       ;                                                       ;00000000;00000;000000;       ;                                                       ;00000000;00000;000000;       ;                                                       ;00000000;00000;000000;       ;                                                       ;00000000;00000;000000;       ;                                                       ;00000000;00000;000000;       ;                                                       ;00000000;00000;000000;       ;                                                       ;00000000;00000;000000;       ;                                                       ;00000000;00000;000000;       ;                                                       ;00000000;00000;000000;       ;                                                       ;00000000;00000;000000;       ;                                                       ;00000000;00000;000000;       ;                                                       ;00000000;00000;000000;       ;                                                       ;00000000;00000;000000;       ;                                                       ;00000000;00000;000000;       ;                                                       ;00000000;00000;000000;       ;                                                       ;00000000;00000;000000;       ;                                                       ;00000000;00000;000000;       ;                                                       ;00000000;00000;000000;       ;                                                       ;00000000;00000;000000;       ;                                                       ;00000000;00000;000000;       ;                                                       ;00000000;00000;000000;       ;                                                       ;00000000;00000;000000;       ;                                                       ;00000000;00000;000000;       ;                                                       ;00000000;00000;000000;       ;                                                       ;00000000;00000;000000;       ;                                                       ;00000000;00000;000000;       ;                                                       ;00000000;00000;000000;       ;                                                       ;00000000;00000;000000;       ;                                                       ;00000000;00000;000000;       ;                                                       ;00000000;00000;000000
08;05;9;263;99;Villatoro                                         ;99;99;00001;00000163;00000163;10000;00000129;07914;00000034;02086;00000000;00000;00000001;00078;000005;1003441;PP                                                     ;00000089;06953;000005;1030889;P.S.O.E.                                               ;00000040;03125;000000;       ;                                                       ;00000000;00000;000000;       ;                                                       ;00000000;00000;000000;       ;                                                       ;00000000;00000;000000;       ;                                                       ;00000000;00000;000000;       ;                                                       ;00000000;00000;000000;       ;                                                       ;00000000;00000;000000;       ;                                                       ;00000000;00000;000000;       ;                                                       ;00000000;00000;000000;       ;                                                       ;00000000;00000;000000;       ;                                                       ;00000000;00000;000000;       ;                                                       ;00000000;00000;000000;       ;                                                       ;00000000;00000;000000;       ;                                                       ;00000000;00000;000000;       ;                                                       ;00000000;00000;000000;       ;                                                       ;00000000;00000;000000;       ;                                                       ;00000000;00000;000000;       ;                                                       ;00000000;00000;000000;       ;                                                       ;00000000;00000;000000;       ;                                                       ;00000000;00000;000000;       ;                                                       ;00000000;00000;000000;       ;                                                       ;00000000;00000;000000;       ;                                                       ;00000000;00000;000000;       ;                                                       ;00000000;00000;000000;       ;                                                       ;00000000;00000;000000;       ;                                                       ;00000000;00000;000000;       ;                                                       ;00000000;00000;000000;       ;                                                       ;00000000;00000;000000;       ;                                                       ;00000000;00000;000000;       ;                                                       ;00000000;00000;000000;       ;                                                       ;00000000;00000;000000;       ;                                                       ;00000000;00000;000000;       ;                                                       ;00000000;00000;000000;       ;                                                       ;00000000;00000;000000;       ;                                                       ;00000000;00000;000000;       ;                                                       ;00000000;00000;000000;       ;                                                       ;00000000;00000;000000;       ;                                                       ;00000000;00000;000000;       ;                                                       ;00000000;00000;000000;       ;                                                       ;00000000;00000;000000;       ;                                                       ;00000000;00000;000000;       ;                                                       ;00000000;00000;000000;       ;                                                       ;00000000;00000;000000;       ;                                                       ;00000000;00000;000000;       ;                                                       ;00000000;00000;000000;       ;                                                       ;00000000;00000;000000;       ;                                                       ;00000000;00000;000000;       ;                                                       ;00000000;00000;000000;       ;                                                       ;00000000;00000;000000
08;05;9;265;99;Vita                                              ;99;99;00001;00000081;00000081;10000;00000077;09506;00000004;00494;00000001;00133;00000002;00260;000003;1026165;VOX                                                    ;00000041;05467;000002;1003441;PP                                                     ;00000028;03733;000001;1030889;P.S.O.E.                                               ;00000007;00933;000000;       ;                                                       ;00000000;00000;000000;       ;                                                       ;00000000;00000;000000;       ;                                                       ;00000000;00000;000000;       ;                                                       ;00000000;00000;000000;       ;                                                       ;00000000;00000;000000;       ;                                                       ;00000000;00000;000000;       ;                                                       ;00000000;00000;000000;       ;                                                       ;00000000;00000;000000;       ;                                                       ;00000000;00000;000000;       ;                                                       ;00000000;00000;000000;       ;                                                       ;00000000;00000;000000;       ;                                                       ;00000000;00000;000000;       ;                                                       ;00000000;00000;000000;       ;                                                       ;00000000;00000;000000;       ;                                                       ;00000000;00000;000000;       ;                                                       ;00000000;00000;000000;       ;                                                       ;00000000;00000;000000;       ;                                                       ;00000000;00000;000000;       ;                                                       ;00000000;00000;000000;       ;                                                       ;00000000;00000;000000;       ;                                                       ;00000000;00000;000000;       ;                                                       ;00000000;00000;000000;       ;                                                       ;00000000;00000;000000;       ;                                                       ;00000000;00000;000000;       ;                                                       ;00000000;00000;000000;       ;                                                       ;00000000;00000;000000;       ;                                                       ;00000000;00000;000000;       ;                                                       ;00000000;00000;000000;       ;                                                       ;00000000;00000;000000;       ;                                                       ;00000000;00000;000000;       ;                                                       ;00000000;00000;000000;       ;                                                       ;00000000;00000;000000;       ;                                                       ;00000000;00000;000000;       ;                                                       ;00000000;00000;000000;       ;                                                       ;00000000;00000;000000;       ;                                                       ;00000000;00000;000000;       ;                                                       ;00000000;00000;000000;       ;                                                       ;00000000;00000;000000;       ;                                                       ;00000000;00000;000000;       ;                                                       ;00000000;00000;000000;       ;                                                       ;00000000;00000;000000;       ;                                                       ;00000000;00000;000000;       ;                                                       ;00000000;00000;000000;       ;                                                       ;00000000;00000;000000;       ;                                                       ;00000000;00000;000000;       ;                                                       ;00000000;00000;000000;       ;                                                       ;00000000;00000;000000
08;05;9;264;99;Viñegra de Moraña                                 ;99;99;00001;00000057;00000057;10000;00000040;07018;00000017;02982;00000004;01026;00000001;00250;000003;1003441;PP                                                     ;00000030;07692;000002;1030889;P.S.O.E.                                               ;00000004;01026;000001;       ;                                                       ;00000000;00000;000000;       ;                                                       ;00000000;00000;000000;       ;                                                       ;00000000;00000;000000;       ;                                                       ;00000000;00000;000000;       ;                                                       ;00000000;00000;000000;       ;                                                       ;00000000;00000;000000;       ;                                                       ;00000000;00000;000000;       ;                                                       ;00000000;00000;000000;       ;                                                       ;00000000;00000;000000;       ;                                                       ;00000000;00000;000000;       ;                                                       ;00000000;00000;000000;       ;                                                       ;00000000;00000;000000;       ;                                                       ;00000000;00000;000000;       ;                                                       ;00000000;00000;000000;       ;                                                       ;00000000;00000;000000;       ;                                                       ;00000000;00000;000000;       ;                                                       ;00000000;00000;000000;       ;                                                       ;00000000;00000;000000;       ;                                                       ;00000000;00000;000000;       ;                                                       ;00000000;00000;000000;       ;                                                       ;00000000;00000;000000;       ;                                                       ;00000000;00000;000000;       ;                                                       ;00000000;00000;000000;       ;                                                       ;00000000;00000;000000;       ;                                                       ;00000000;00000;000000;       ;                                                       ;00000000;00000;000000;       ;                                                       ;00000000;00000;000000;       ;                                                       ;00000000;00000;000000;       ;                                                       ;00000000;00000;000000;       ;                                                       ;00000000;00000;000000;       ;                                                       ;00000000;00000;000000;       ;                                                       ;00000000;00000;000000;       ;                                                       ;00000000;00000;000000;       ;                                                       ;00000000;00000;000000;       ;                                                       ;00000000;00000;000000;       ;                                                       ;00000000;00000;000000;       ;                                                       ;00000000;00000;000000;       ;                                                       ;00000000;00000;000000;       ;                                                       ;00000000;00000;000000;       ;                                                       ;00000000;00000;000000;       ;                                                       ;00000000;00000;000000;       ;                                                       ;00000000;00000;000000;       ;                                                       ;00000000;00000;000000;       ;                                                       ;00000000;00000;000000;       ;                                                       ;00000000;00000;000000;       ;                                                       ;00000000;00000;000000;       ;                                                       ;00000000;00000;000000;       ;                                                       ;00000000;00000;000000
08;05;9;266;99;Zapardiel de la Cañada                            ;99;99;00001;00000102;00000102;10000;00000082;08039;00000020;01961;00000000;00000;00000000;00000;000003;1003441;PP                                                     ;00000049;05976;000002;1030889;P.S.O.E.                                               ;00000031;03780;000001;       ;                                                       ;00000000;00000;000000;       ;                                                       ;00000000;00000;000000;       ;                                                       ;00000000;00000;000000;       ;                                                       ;00000000;00000;000000;       ;                                                       ;00000000;00000;000000;       ;                                                       ;00000000;00000;000000;       ;                                                       ;00000000;00000;000000;       ;                                                       ;00000000;00000;000000;       ;                                                       ;00000000;00000;000000;       ;                                                       ;00000000;00000;000000;       ;                                                       ;00000000;00000;000000;       ;                                                       ;00000000;00000;000000;       ;                                                       ;00000000;00000;000000;       ;                                                       ;00000000;00000;000000;       ;                                                       ;00000000;00000;000000;       ;                                                       ;00000000;00000;000000;       ;                                                       ;00000000;00000;000000;       ;                                                       ;00000000;00000;000000;       ;                                                       ;00000000;00000;000000;       ;                                                       ;00000000;00000;000000;       ;                                                       ;00000000;00000;000000;       ;                                                       ;00000000;00000;000000;       ;                                                       ;00000000;00000;000000;       ;                                                       ;00000000;00000;000000;       ;                                                       ;00000000;00000;000000;       ;                                                       ;00000000;00000;000000;       ;                                                       ;00000000;00000;000000;       ;                                                       ;00000000;00000;000000;       ;                                                       ;00000000;00000;000000;       ;                                                       ;00000000;00000;000000;       ;                                                       ;00000000;00000;000000;       ;                                                       ;00000000;00000;000000;       ;                                                       ;00000000;00000;000000;       ;                                                       ;00000000;00000;000000;       ;                                                       ;00000000;00000;000000;       ;                                                       ;00000000;00000;000000;       ;                                                       ;00000000;00000;000000;       ;                                                       ;00000000;00000;000000;       ;                                                       ;00000000;00000;000000;       ;                                                       ;00000000;00000;000000;       ;                                                       ;00000000;00000;000000;       ;                                                       ;00000000;00000;000000;       ;                                                       ;00000000;00000;000000;       ;                                                       ;00000000;00000;000000;       ;                                                       ;00000000;00000;000000;       ;                                                       ;00000000;00000;000000;       ;                                                       ;00000000;00000;000000;       ;                                                       ;00000000;00000;000000
08;05;9;267;99;Zapardiel de la Ribera                            ;99;99;00001;00000103;00000103;10000;00000082;07961;00000021;02039;00000007;00875;00000002;00244;000005;1003441;PP                                                     ;00000058;07250;000004;1030889;P.S.O.E.                                               ;00000006;00750;000001;       ;                                                       ;00000000;00000;000000;       ;                                                       ;00000000;00000;000000;       ;                                                       ;00000000;00000;000000;       ;                                                       ;00000000;00000;000000;       ;                                                       ;00000000;00000;000000;       ;                                                       ;00000000;00000;000000;       ;                                                       ;00000000;00000;000000;       ;                                                       ;00000000;00000;000000;       ;                                                       ;00000000;00000;000000;       ;                                                       ;00000000;00000;000000;       ;                                                       ;00000000;00000;000000;       ;                                                       ;00000000;00000;000000;       ;                                                       ;00000000;00000;000000;       ;                                                       ;00000000;00000;000000;       ;                                                       ;00000000;00000;000000;       ;                                                       ;00000000;00000;000000;       ;                                                       ;00000000;00000;000000;       ;                                                       ;00000000;00000;000000;       ;                                                       ;00000000;00000;000000;       ;                                                       ;00000000;00000;000000;       ;                                                       ;00000000;00000;000000;       ;                                                       ;00000000;00000;000000;       ;                                                       ;00000000;00000;000000;       ;                                                       ;00000000;00000;000000;       ;                                                       ;00000000;00000;000000;       ;                                                       ;00000000;00000;000000;       ;                                                       ;00000000;00000;000000;       ;                                                       ;00000000;00000;000000;       ;                                                       ;00000000;00000;000000;       ;                                                       ;00000000;00000;000000;       ;                                                       ;00000000;00000;000000;       ;                                                       ;00000000;00000;000000;       ;                                                       ;00000000;00000;000000;       ;                                                       ;00000000;00000;000000;       ;                                                       ;00000000;00000;000000;       ;                                                       ;00000000;00000;000000;       ;                                                       ;00000000;00000;000000;       ;                                                       ;00000000;00000;000000;       ;                                                       ;00000000;00000;000000;       ;                                                       ;00000000;00000;000000;       ;                                                       ;00000000;00000;000000;       ;                                                       ;00000000;00000;000000;       ;                                                       ;00000000;00000;000000;       ;                                                       ;00000000;00000;000000;       ;                                                       ;00000000;00000;000000;       ;                                                       ;00000000;00000;000000;       ;                                                       ;00000000;00000;000000;       ;                                                       ;00000000;00000;000000
08;05;9;019;99;Ávila                                             ;99;99;00057;00044986;00044986;10000;00032162;07149;00012824;02851;00000201;00063;00000219;00068;000025;1022852;XAV                                                    ;00011223;03514;000011;1003441;PP                                                     ;00006886;02156;000006;1030889;P.S.O.E.                                               ;00006177;01934;000006;9689014;Cs                                                     ;00002715;00850;000002;1026165;VOX                                                    ;00001416;00443;000000;1022293;IZQUIERDA UNIDA-EQUO                                   ;00000875;00274;000000;1006293;UPYD                                                   ;00000810;00254;000000;1021736;TC                                                     ;00000760;00238;000000;1026013;PODEMOS                                                ;00000510;00160;000000;1003044;ÁvilaLP                                                ;00000368;00115;000000;       ;                                                       ;00000000;00000;000000;       ;                                                       ;00000000;00000;000000;       ;                                                       ;00000000;00000;000000;       ;                                                       ;00000000;00000;000000;       ;                                                       ;00000000;00000;000000;       ;                                                       ;00000000;00000;000000;       ;                                                       ;00000000;00000;000000;       ;                                                       ;00000000;00000;000000;       ;                                                       ;00000000;00000;000000;       ;                                                       ;00000000;00000;000000;       ;                                                       ;00000000;00000;000000;       ;                                                       ;00000000;00000;000000;       ;                                                       ;00000000;00000;000000;       ;                                                       ;00000000;00000;000000;       ;                                                       ;00000000;00000;000000;       ;                                                       ;00000000;00000;000000;       ;                                                       ;00000000;00000;000000;       ;                                                       ;00000000;00000;000000;       ;                                                       ;00000000;00000;000000;       ;                                                       ;00000000;00000;000000;       ;                                                       ;00000000;00000;000000;       ;                                                       ;00000000;00000;000000;       ;                                                       ;00000000;00000;000000;       ;                                                       ;00000000;00000;000000;       ;                                                       ;00000000;00000;000000;       ;                                                       ;00000000;00000;000000;       ;                                                       ;00000000;00000;000000;       ;                                                       ;00000000;00000;000000;       ;                                                       ;00000000;00000;000000;       ;                                                       ;00000000;00000;000000;       ;                                                       ;00000000;00000;000000;       ;                                                       ;00000000;00000;000000;       ;                                                       ;00000000;00000;000000;       ;                                                       ;00000000;00000;000000;       ;                                                       ;00000000;00000;000000;       ;                                                       ;00000000;00000;000000;       ;                                                       ;00000000;00000;000000;       ;                                                       ;00000000;00000;000000;       ;                                                       ;00000000;00000;000000;       ;                                                       ;00000000;00000;000000
